6
total nodes: 13579
uncovered nodes: 1323
Number of structures in the model: 379
Printing the graph out
number of edges with duplicates = 929449
SuperGraph edges printed out
Total	fc	st	bc	ch	nc	nb	Empty	Model	Percent
379	19	355	5	0	0	0	475912	327601	68.84%

22.8401229382
Total running time 22.84
covered / total: 47743 / 37448
0: [(739, 2), (10240, 1), (2, 1), (2070, 1), (23, 1), (10586, 1), (35, 1), (12324, 1), (40, 1), (42, 1)]
47: [(1025, 2), (202, 1), (1609, 1)]
81: [(1025, 2), (203, 2), (1264, 2), (1275, 2), (740, 1), (1261, 1), (922, 1)]
98: [(2513, 2)]
99: [(1263, 2), (581, 1)]
127: [(2148, 5), (1538, 5), (3590, 5), (3088, 5), (3503, 5), (1571, 5), (815, 5), (3118, 5), (3649, 5), (1603, 5)]
141: [(1633, 2), (3636, 2), (11472, 1), (830, 1)]
163: [(3484, 2), (1584, 2), (11583, 2), (842, 2), (2123, 2), (720, 2), (852, 2), (1245, 2), (224, 2), (2964, 2)]
164: [(3459, 5), (3590, 5), (8085, 5), (3223, 5), (6425, 5), (6431, 5), (289, 5), (5926, 5), (6311, 5), (3151, 5)]
169: [(2179, 7), (5895, 7), (5768, 7), (6019, 7), (6431, 7), (1571, 7), (6437, 7), (3118, 7), (6457, 7), (2121, 7)]
193: [(450, 2), (422, 1), (2191, 1), (215, 1), (6136, 1), (250, 1)]
194: [(3088, 7), (5686, 7), (2127, 7), (3154, 7), (2241, 7), (784, 7), (1519, 7), (3590, 6), (3118, 6), (3649, 6)]
195: [(1269, 2)]
201: [(202, 3), (296, 3), (815, 3), (839, 3), (842, 3), (943, 3), (1216, 3), (1982, 3), (2123, 3), (2148, 3)]
202: [(2103, 5), (2123, 5), (2127, 5), (2148, 5), (2179, 5), (11840, 5), (289, 5), (296, 5), (2378, 5), (413, 5)]
203: [(9228, 2), (4116, 2), (2585, 2), (4122, 2), (4125, 2), (1055, 2), (2593, 2), (2599, 2), (2606, 2), (9272, 2)]
205: [(7286, 2), (5049, 1)]
215: [(450, 2), (250, 1), (422, 1), (2191, 1)]
223: [(1544, 3), (1673, 3), (3210, 3), (11285, 3), (3108, 3), (5933, 3), (3121, 3), (1463, 3), (6469, 3), (5852, 3)]
224: [(6278, 2), (842, 2), (2123, 2), (720, 2), (1673, 1), (3023, 1), (2235, 1)]
246: [(259, 4), (3055, 4), (1245, 4), (2179, 3), (3649, 3), (1546, 3), (2955, 3), (2191, 3), (1693, 3), (6431, 3)]
250: [(450, 2)]
257: [(660, 2), (839, 2), (2148, 2), (1511, 2), (640, 1), (832, 1), (259, 1), (3590, 1), (1544, 1), (2955, 1)]
259: [(1245, 4), (3055, 4), (3649, 3), (2955, 3), (6120, 3), (1550, 3), (2191, 3), (8197, 3), (6127, 3), (1693, 3)]
261: [(8197, 3), (11282, 3), (1571, 3), (1645, 3), (13424, 3), (5773, 3), (3696, 3), (3250, 3), (1245, 3), (820, 3)]
269: [(3841, 2), (9474, 2), (2563, 2), (2565, 2), (9478, 2), (9479, 2), (4232, 2), (2604, 2), (3852, 2), (4333, 2)]
283: [(2378, 4), (2148, 4), (1544, 3), (3210, 3), (3108, 3), (5933, 3), (3121, 3), (6469, 3), (3561, 3), (2032, 3)]
288: [(11287, 3), (6273, 2), (8383, 2), (7874, 2), (3553, 2), (5748, 2), (3445, 2), (11383, 2), (8574, 2), (6144, 1)]
289: [(3590, 5), (13321, 5), (3595, 5), (1548, 5), (3088, 5), (6168, 5), (1571, 5), (6152, 5), (5686, 5), (2103, 5)]
291: [(2378, 4), (2148, 4), (3108, 3), (6469, 3), (1544, 3), (5933, 3), (3121, 3), (832, 2), (3590, 2), (687, 2)]
295: [(1025, 2)]
296: [(3590, 5), (2121, 5), (2148, 5), (1645, 5), (3698, 5), (1653, 5), (6385, 5), (3325, 5), (784, 5), (6019, 5)]
379: [(11302, 2), (3126, 2), (454, 2), (456, 2), (3277, 2), (3538, 2), (3298, 2), (5750, 2), (635, 2), (2944, 1)]
383: [(3835, 2), (2560, 1), (3744, 1), (9445, 1), (9446, 1), (9447, 1), (943, 1), (4184, 1), (922, 1), (9693, 1)]
391: [(1633, 2), (5763, 2), (3111, 2), (6314, 2), (5931, 2), (8335, 2), (3600, 2), (6225, 2), (11858, 2), (8307, 2)]
413: [(1538, 5), (3088, 5), (1571, 5), (3649, 5), (1603, 5), (2121, 5), (2148, 5), (3698, 5), (2179, 5), (1216, 5)]
416: [(2148, 3), (3108, 2), (6469, 2), (1544, 2), (3561, 2), (3210, 2), (5933, 2), (3121, 2), (1216, 1), (832, 1)]
422: [(450, 2), (466, 1)]
443: [(3643, 3)]
447: [(7864, 2), (6209, 2), (11538, 2), (7973, 2), (2086, 2)]
450: [(2191, 2), (5888, 1), (5633, 1), (2179, 1), (5764, 1), (5903, 1), (1671, 1), (6290, 1), (6211, 1), (660, 1)]
451: [(1025, 2), (4753, 1), (1682, 1), (2300, 1)]
454: [(635, 2), (456, 1)]
456: [(11302, 2), (3538, 2), (3126, 2), (635, 2), (3298, 1), (5750, 1)]
510: [(2512, 2), (4323, 1), (9412, 1), (1361, 1), (1978, 1), (4126, 1)]
524: [(3108, 2), (6469, 2), (1544, 2), (3561, 2), (3210, 2), (5933, 2), (3121, 2), (11285, 2), (5852, 2), (832, 1)]
550: [(684, 2)]
555: [(1584, 3)]
568: [(997, 2), (10826, 1), (2300, 1)]
573: [(1584, 3)]
597: [(1179, 2), (1538, 1), (7672, 1), (1546, 1), (1035, 1), (4433, 1), (2660, 1), (4120, 1), (9248, 1), (1062, 1)]
606: [(1544, 3), (1673, 3), (3210, 3), (2835, 3), (3108, 3), (5933, 3), (3121, 3), (6469, 3), (1492, 3), (5852, 3)]
635: [(5750, 2), (3126, 2), (3277, 2), (3298, 2), (2179, 1), (2955, 1), (2191, 1), (660, 1), (3484, 1), (2080, 1)]
638: [(1584, 2), (2148, 2), (1978, 1)]
640: [(3233, 4), (3108, 4), (3561, 4), (8197, 3), (1544, 3), (3210, 3), (5933, 3), (11285, 3), (2989, 3), (3121, 3)]
652: [(3590, 4), (1645, 4), (2095, 4), (815, 4), (1653, 4), (1216, 4), (3649, 4), (842, 4), (2123, 4), (3698, 4)]
660: [(2148, 5), (2378, 5), (1544, 4), (3088, 4), (5895, 4), (6437, 4), (6457, 4), (6198, 4), (3442, 4), (6019, 4)]
661: [(1264, 2), (1263, 2), (1269, 2), (2518, 2), (4310, 1), (3909, 1), (1584, 1), (3993, 1), (3866, 1), (10223, 1)]
664: [(1339, 2), (3842, 1), (4383, 1)]
669: [(1263, 2), (1264, 2), (7633, 1), (4332, 1), (1261, 1), (9518, 1), (3921, 1), (9485, 1), (4345, 1)]
684: [(3715, 2), (9502, 2), (9260, 2), (4305, 2), (9486, 2), (9487, 2), (9616, 2), (9619, 2), (3988, 2), (1817, 2)]
687: [(1538, 4), (3088, 4), (1571, 4), (3118, 4), (3649, 4), (2123, 4), (3151, 4), (3154, 4), (2148, 4), (1645, 4)]
714: [(2148, 3), (1511, 3), (832, 2), (1538, 2), (3590, 2), (1544, 2), (8209, 2), (6327, 2), (815, 2), (3484, 2)]
717: [(5926, 5), (3373, 5), (720, 5), (3154, 5), (3129, 5), (3643, 5), (1603, 4), (8025, 4)]
720: [(3088, 7), (3281, 7), (1538, 6), (3590, 6), (1571, 6), (2095, 6), (5686, 6), (2103, 6), (3649, 6), (1603, 6)]
735: [(1978, 2), (11056, 1), (7007, 1), (8891, 1), (4517, 1), (13025, 1), (9068, 1), (9915, 1), (5298, 1), (9172, 1)]
738: [(1025, 2)]
784: [(6431, 9), (2148, 8), (1673, 7), (3151, 7), (1538, 6), (6019, 6), (3590, 6), (3649, 6), (3088, 6), (815, 6)]
805: [(1544, 2), (5933, 2), (3121, 2), (1216, 1), (832, 1), (1538, 1), (3126, 1), (8358, 1), (2193, 1), (842, 1)]
815: [(842, 7), (1538, 6), (3590, 6), (3088, 6), (1571, 6), (2103, 6), (2123, 6), (2127, 6), (3154, 6), (2148, 6)]
820: [(8197, 4), (1571, 4), (3233, 4), (3250, 4), (1245, 4), (8524, 4), (11203, 4), (1511, 4), (6120, 4), (3055, 4)]
821: [(3343, 2), (2207, 2), (2124, 2), (3063, 2), (3071, 2), (1540, 1), (8013, 1), (3362, 1), (2185, 1), (11717, 1)]
832: [(6059, 2), (8197, 2), (3590, 2), (1544, 2), (1546, 2), (1550, 2), (11285, 2), (1571, 2), (3108, 2), (6181, 2)]
839: [(3216, 7), (1571, 7), (2148, 7), (6019, 6), (3590, 6), (2103, 6), (1216, 6), (1603, 6), (842, 6), (3698, 6)]
842: [(3590, 6), (2103, 6), (7795, 6), (2123, 6), (1645, 6), (2159, 6), (3698, 6), (2179, 6), (1673, 6), (1693, 6)]
844: [(1216, 2), (6278, 2), (2123, 2), (852, 2), (6393, 2), (3023, 1), (2992, 1), (1982, 1)]
852: [(3088, 6), (3649, 6), (2123, 6), (2127, 6), (2148, 6), (1216, 6), (2378, 6), (8062, 6), (3018, 6), (1538, 5)]
859: [(1216, 2), (1538, 2), (2219, 2), (3108, 2), (6469, 2), (3590, 2), (1544, 2), (1673, 2), (3018, 2), (2123, 2)]
863: [(1245, 4), (1511, 4), (2179, 3), (8197, 3), (2955, 3), (6120, 3), (1550, 3), (2191, 3), (3216, 3), (3055, 3)]
868: [(1633, 2), (3330, 1), (8262, 1), (2182, 1), (1127, 1), (6024, 1), (11369, 1), (3466, 1), (2222, 1), (8414, 1)]
872: [(6469, 3), (1544, 3), (1673, 3), (3210, 3), (5933, 3), (6198, 3), (3561, 3), (3384, 3), (5852, 3), (1216, 2)]
922: [(1264, 2), (3888, 2), (9637, 1), (9446, 1), (9638, 1), (4396, 1), (1357, 1), (1584, 1), (9233, 1), (1401, 1)]
943: [(1982, 6), (2148, 5), (2179, 5), (6414, 5), (2378, 5), (2964, 5), (3018, 5), (1535, 5), (1216, 5), (3459, 5)]
944: [(4006, 2), (2068, 1), (4117, 1)]
950: [(3018, 3), (1216, 3), (2955, 3), (3503, 3), (1642, 3), (1982, 3), (6198, 2), (2300, 2), (13494, 2), (1245, 2)]
955: [(3082, 2), (5872, 1), (2513, 1)]
971: [(2513, 2)]
974: [(1025, 2)]
987: [(1263, 2), (1265, 1), (988, 1)]
1016: [(2368, 2), (12943, 2), (8853, 2), (4762, 2), (4517, 2), (10802, 2), (9915, 2), (1852, 2), (2502, 2), (9172, 2)]
1025: [(4507, 2), (4168, 2), (4169, 2), (4042, 2), (1261, 2), (2511, 2), (2512, 2), (3889, 2), (4339, 2), (9322, 2)]
1037: [(1584, 3)]
1062: [(1216, 2), (1544, 2), (2123, 2)]
1072: [(1263, 2), (9622, 1)]
1104: [(1584, 3)]
1105: [(6469, 3), (1544, 3), (3210, 3), (5933, 3), (3121, 3), (1216, 2), (2123, 2), (1584, 2), (3698, 2), (3484, 2)]
1117: [(3850, 2), (3853, 2), (1263, 2), (9500, 2), (1181, 2), (4384, 2), (9328, 2), (4003, 2), (9252, 2), (9277, 2)]
1123: [(1216, 2)]
1124: [(1263, 2), (1584, 1), (9248, 1), (1259, 1)]
1127: [(1633, 2), (3636, 2), (11187, 1), (6452, 1)]
1166: [(1271, 2), (1978, 2), (1344, 1), (9559, 1), (2510, 1), (9273, 1), (9279, 1)]
1216: [(2123, 7), (1538, 6), (3088, 6), (6019, 6), (1571, 6), (3036, 6), (3118, 6), (2095, 6), (5686, 6), (2103, 6)]
1217: [(2640, 2), (4162, 2), (9252, 2), (3910, 2), (9569, 2), (4200, 2), (3850, 2), (4398, 2), (1263, 2), (1264, 2)]
1226: [(3698, 2), (1814, 1), (2955, 1), (1805, 1), (5518, 1), (5391, 1), (1682, 1), (1731, 1), (4689, 1), (1434, 1)]
1245: [(2148, 7), (3088, 5), (3108, 5), (2127, 5), (1653, 5), (5895, 5), (6437, 5), (6457, 5), (6019, 5), (3151, 5)]
1251: [(2513, 2)]
1252: [(1264, 2), (2588, 1)]
1256: [(1271, 2), (1978, 2), (4128, 1), (3873, 1), (3907, 1), (1351, 1), (4268, 1), (3920, 1), (9568, 1), (3827, 1)]
1257: [(1978, 2), (3873, 1), (5158, 1), (9520, 1), (3916, 1), (1389, 1), (4175, 1), (3920, 1), (3928, 1), (9273, 1)]
1258: [(5429, 2), (9086, 2)]
1261: [(2512, 2), (1275, 2), (2624, 1), (9663, 1), (9333, 1), (2647, 1), (5429, 1)]
1262: [(9504, 2), (2513, 2), (3787, 1), (4300, 1), (4312, 1)]
1263: [(2561, 2), (3716, 2), (3721, 2), (3723, 2), (3727, 2), (4121, 2), (3738, 2), (2587, 2), (3868, 2), (4382, 2)]
1264: [(2512, 4), (1544, 3), (1546, 3), (1571, 3), (2121, 3), (1625, 3), (2159, 3), (1673, 3), (1693, 3), (3236, 3)]
1269: [(3844, 2), (3845, 2), (3718, 2), (2192, 2), (4262, 2), (9259, 2), (3886, 2), (3888, 2), (1329, 2), (9399, 2)]
1271: [(2626, 2), (4197, 2), (1351, 2), (4265, 2), (2610, 2), (2576, 2), (2609, 2), (1330, 2), (2643, 2), (4056, 2)]
1275: [(4161, 2), (9379, 2), (4327, 2), (4297, 2), (9322, 2), (9579, 2), (3790, 2), (2512, 2), (9584, 2), (4308, 2)]
1279: [(3888, 2), (3835, 2), (4010, 1), (4190, 1)]
1326: [(2513, 2), (3819, 1), (4172, 1), (9269, 1), (1385, 1)]
1327: [(2513, 2), (2578, 1), (2582, 1)]
1328: [(9504, 2), (2513, 2), (9507, 1)]
1329: [(4089, 2), (9499, 1), (4335, 1), (4173, 1), (4167, 1)]
1332: [(2513, 2)]
1334: [(3888, 2), (2518, 2), (9234, 1), (9508, 1), (4190, 1)]
1339: [(3972, 2), (9477, 2), (9484, 2), (9389, 2), (3729, 2), (9236, 2), (9496, 2), (9497, 2), (4379, 2), (4124, 2)]
1341: [(1352, 2), (1978, 2), (3997, 2), (4006, 2), (3882, 1)]
1343: [(2512, 2), (2513, 2), (9408, 1), (1360, 1), (9628, 1), (9455, 1), (1366, 1), (3863, 1), (1369, 1), (4092, 1)]
1346: [(5429, 2), (9559, 1)]
1349: [(3843, 2), (9574, 2), (4262, 2), (3847, 2), (3881, 2), (4173, 2), (3725, 2), (3886, 2), (3791, 2), (1392, 2)]
1350: [(4089, 2), (1395, 1), (4173, 1), (9237, 1)]
1351: [(1352, 2), (3781, 1), (1845, 1)]
1352: [(3840, 2), (9473, 2), (9927, 2), (3720, 2), (4393, 2), (3851, 2), (3821, 2), (9391, 2), (9681, 2), (1845, 2)]
1356: [(3888, 2)]
1358: [(1978, 2)]
1359: [(2512, 2)]
1360: [(2512, 2), (6661, 1), (9669, 1)]
1373: [(2513, 2)]
1374: [(2513, 2), (2512, 2), (1584, 1)]
1383: [(2512, 2), (1978, 1), (4302, 1)]
1386: [(9086, 2)]
1401: [(2512, 2)]
1403: [(9504, 2), (2605, 2), (3745, 1), (2596, 1), (3787, 1), (1982, 1)]
1404: [(5429, 2)]
1405: [(2513, 2)]
1406: [(1584, 2)]
1408: [(3997, 2)]
1461: [(2512, 2), (9386, 1), (9626, 1)]
1463: [(3233, 4), (3108, 4), (6198, 4), (2121, 4), (3561, 4), (8197, 3), (1544, 3), (1673, 3), (3210, 3), (2835, 3)]
1492: [(2378, 6), (1538, 4), (1645, 4), (3590, 4), (3698, 4), (1511, 4), (1544, 3), (3233, 3), (3484, 3), (3250, 3)]
1501: [(2148, 4), (2378, 4), (1544, 3), (1673, 3), (3210, 3), (3108, 3), (5933, 3), (3121, 3), (3261, 3), (6469, 3)]
1503: [(2378, 7), (2148, 6), (1673, 5), (6198, 5), (3151, 5), (3442, 5), (1653, 5), (1538, 4), (6019, 4), (6031, 4)]
1505: [(2078, 2), (1573, 2), (6057, 2), (6060, 2), (5821, 2), (2126, 2), (3409, 2), (3410, 2), (2179, 1), (7940, 1)]
1510: [(3484, 2), (1642, 1), (2989, 1), (3250, 1), (1693, 1), (1982, 1)]
1511: [(6198, 4), (2159, 4), (3233, 3), (2870, 3), (6207, 3), (3154, 3), (3429, 3), (1538, 2), (1544, 2), (8067, 2)]
1518: [(3226, 2), (11472, 2), (2176, 1), (5765, 1), (3543, 1), (11788, 1), (2957, 1), (3598, 1), (1554, 1), (2197, 1)]
1519: [(1645, 6), (3698, 6), (5895, 5), (1673, 5), (1642, 5), (3108, 1), (6469, 1), (3210, 1)]
1520: [(7808, 2), (6278, 2), (3484, 2), (3018, 2), (6393, 2), (6460, 2), (3428, 1), (3301, 1), (3383, 1), (3023, 1)]
1521: [(11364, 3), (3078, 3), (3210, 3), (5933, 3), (1645, 2), (6142, 2)]
1522: [(3233, 3), (2989, 3), (3250, 3), (3698, 2), (6181, 2), (3590, 2), (1544, 2), (1577, 2), (3018, 2), (2123, 2)]
1524: [(1978, 2)]
1525: [(3233, 2), (11203, 2), (8197, 2), (3649, 2), (6120, 2), (2123, 2), (8524, 2), (2989, 2), (3055, 2), (3250, 2)]
1527: [(3233, 2), (2155, 2), (8197, 2), (3590, 2), (3649, 2), (6120, 2), (2123, 2), (8524, 2), (2989, 2), (3055, 2)]
1535: [(2148, 8), (1673, 7), (3649, 6), (3590, 6), (2123, 6), (2127, 6), (3088, 6), (3698, 6), (1544, 5), (1642, 5)]
1537: [(3268, 2), (6432, 1), (2207, 1)]
1538: [(3590, 6), (3088, 6), (1571, 6), (3649, 6), (2121, 6), (2123, 6), (2127, 6), (3154, 6), (1645, 6), (2159, 6)]
1539: [(3590, 2), (2378, 2), (3698, 2), (3108, 1), (6469, 1), (1544, 1), (1673, 1), (5714, 1), (2159, 1), (3121, 1)]
1543: [(7808, 2), (6278, 2), (3018, 2), (6460, 2), (3301, 1), (1982, 1)]
1544: [(1571, 5), (3154, 5), (2148, 5), (2159, 5), (2179, 5), (1673, 5), (3216, 5), (1693, 5), (2121, 5), (6431, 5)]
1546: [(3233, 4), (3108, 4), (2219, 4), (6198, 4), (3561, 4), (8197, 3), (3210, 3), (5933, 3), (11285, 3), (2989, 3)]
1548: [(3442, 5), (11240, 4), (5712, 4), (3351, 4), (11566, 2), (7967, 2)]
1550: [(6198, 4), (3233, 4), (3108, 4), (3561, 4), (8197, 3), (1673, 3), (3210, 3), (5933, 3), (2989, 3), (3250, 3)]
1564: [(6433, 2), (5796, 2), (7910, 2), (6452, 2), (5769, 2), (5931, 2), (8477, 2), (7790, 2), (8335, 2), (7826, 2)]
1571: [(2148, 8), (1673, 7), (3151, 7), (3442, 7), (1653, 7), (1645, 7), (6019, 6), (6031, 6), (3590, 6), (5895, 6)]
1573: [(3410, 2), (6060, 2), (2126, 2), (6057, 2), (6041, 1)]
1577: [(3108, 3), (6469, 3), (3561, 3), (3210, 3), (2219, 3), (5933, 3), (2512, 3), (3121, 3), (11285, 3), (5852, 3)]
1582: [(1584, 2), (2193, 1), (3403, 1), (3676, 1)]
1584: [(11776, 3), (13330, 3), (2612, 3), (2108, 3), (2128, 3), (2140, 3), (13500, 3), (2188, 3), (7822, 3), (9403, 3)]
1589: [(3643, 3)]
1591: [(6181, 2), (3590, 2), (1609, 2), (2123, 2), (3436, 2), (1614, 2), (3005, 2), (3121, 2), (2163, 2), (2964, 2)]
1592: [(3118, 2)]
1603: [(3649, 6), (2148, 6), (3590, 6), (3018, 6), (2123, 6), (2095, 6), (3698, 6), (8062, 6), (3151, 6), (1653, 6)]
1607: [(6152, 5), (6031, 5), (6168, 5), (5926, 5), (3373, 5), (5691, 5), (3649, 5), (2123, 5), (3151, 5), (2148, 5)]
1609: [(2148, 4), (2378, 4), (3210, 3), (5933, 3), (3121, 3), (3108, 3), (2123, 2), (3698, 2), (3484, 2), (1642, 1)]
1610: [(3108, 3), (6469, 3), (1673, 3), (3210, 3), (5933, 3), (3121, 3), (5852, 3), (3590, 2), (2123, 2), (1642, 1)]
1614: [(3108, 3), (6469, 3), (1673, 3), (3210, 3), (2219, 3), (5933, 3), (3121, 3), (11285, 3), (3561, 3), (2123, 2)]
1617: [(3484, 2), (1642, 1)]
1625: [(3108, 3), (6469, 3), (1673, 3), (3210, 3), (5933, 3), (2512, 3), (3121, 3), (3561, 3), (5852, 3), (3590, 2)]
1632: [(3233, 2), (3649, 2), (6120, 2), (2123, 2), (2989, 2), (3055, 2), (3250, 2), (3698, 2), (3484, 2), (1645, 2)]
1633: [(3234, 2), (2948, 2), (8262, 2), (5769, 2), (2153, 2), (3435, 2), (11340, 2), (11784, 2), (3507, 2), (8500, 2)]
1642: [(3590, 5), (3088, 5), (5686, 5), (2103, 5), (2121, 5), (2123, 5), (3151, 5), (3154, 5), (2159, 5), (3698, 5)]
1645: [(3649, 7), (2121, 7), (3698, 7), (3088, 6), (3590, 6), (2095, 6), (2103, 6), (2123, 6), (3151, 6), (2159, 6)]
1652: [(3108, 3), (6469, 3), (1673, 3), (3210, 3), (5933, 3), (2512, 3), (3121, 3), (6198, 3), (3561, 3), (5852, 3)]
1653: [(2179, 7), (5768, 7), (3216, 7), (6431, 7), (6437, 7), (3118, 7), (2121, 7), (3151, 7), (3154, 7), (2148, 7)]
1658: [(3108, 3), (6469, 3), (1673, 3), (3210, 3), (2219, 3), (5933, 3), (3121, 3), (11285, 3), (6198, 3), (3561, 3)]
1659: [(3233, 2), (8197, 2), (3649, 2), (6120, 2), (2123, 2), (8524, 2), (2989, 2), (3055, 2), (3250, 2), (3698, 2)]
1673: [(2179, 7), (2955, 7), (3216, 7), (2964, 7), (1693, 7), (6431, 7), (2121, 7), (2378, 7), (3154, 7), (2159, 7)]
1675: [(1978, 2)]
1693: [(2148, 8), (2964, 7), (6019, 6), (3590, 6), (5895, 6), (5768, 6), (3088, 6), (6437, 6), (3118, 6), (6198, 6)]
1713: [(1978, 2), (7563, 1), (2500, 1), (5613, 1), (12493, 1)]
1723: [(1978, 2), (10532, 1), (2502, 1), (1735, 1), (3018, 1), (4911, 1), (5373, 1), (5652, 1), (4694, 1), (1816, 1)]
1806: [(2148, 4), (3210, 3), (11542, 3), (2200, 3), (3108, 3), (2219, 3), (5933, 3), (3121, 3), (6469, 3), (5852, 3)]
1845: [(4006, 2), (5429, 2), (3997, 2), (9254, 1), (4968, 1), (3724, 1), (1982, 1)]
1948: [(3484, 2), (5633, 1), (1963, 1), (6661, 1), (10758, 1), (2059, 1), (9744, 1), (12824, 1), (9762, 1), (8742, 1)]
1950: [(1978, 2)]
1959: [(3519, 2)]
1978: [(3586, 2), (9219, 2), (4104, 2), (2573, 2), (12302, 2), (2065, 2), (2068, 2), (5806, 2), (4631, 2), (7201, 2)]
1982: [(2095, 5), (2103, 5), (2121, 5), (2123, 5), (2127, 5), (2148, 5), (2159, 5), (2179, 5), (2241, 5), (6385, 5)]
1987: [(6786, 2), (12971, 2), (8645, 2), (10028, 2), (2764, 2), (8842, 2), (9067, 2), (6700, 2), (9730, 2), (12206, 2)]
1995: [(4543, 2)]
2032: [(3233, 4), (3108, 4), (6198, 4), (3561, 4), (8197, 3), (3078, 3), (3210, 3), (5933, 3), (2835, 3), (2989, 3)]
2068: [(4006, 2), (9285, 1)]
2071: [(6142, 2), (3590, 2), (3121, 1), (3078, 1)]
2073: [(3373, 3)]
2074: [(3649, 2), (3018, 2), (3442, 2), (2095, 2), (6019, 1), (2127, 1)]
2078: [(3410, 2), (6060, 2), (2126, 2), (6057, 2), (3409, 1)]
2080: [(3233, 2), (3108, 2), (3561, 2), (2989, 2), (3106, 1), (3683, 1), (6469, 1), (11302, 1), (3210, 1), (3121, 1)]
2086: [(6209, 2), (11538, 2), (7973, 2), (7799, 1)]
2087: [(3590, 2), (6278, 2), (3484, 2), (3018, 2), (6460, 2), (3428, 1)]
2095: [(2179, 6), (3649, 6), (6031, 6), (3216, 6), (3351, 6), (6431, 6), (5686, 6), (2103, 6), (3517, 6), (2241, 6)]
2103: [(2378, 7), (2148, 6), (3590, 6), (3649, 6), (2123, 6), (3151, 6), (3698, 6), (3018, 6), (6437, 5), (3088, 5)]
2108: [(2148, 2)]
2121: [(2148, 8), (3151, 7), (3442, 7), (6031, 6), (5895, 6), (5768, 6), (6019, 6), (3590, 6), (3118, 6), (6198, 6)]
2123: [(3590, 6), (3088, 6), (6019, 6), (3118, 6), (5686, 6), (3649, 6), (7795, 6), (3657, 6), (3151, 6), (3154, 6)]
2124: [(3343, 2), (2207, 2), (6215, 2), (3063, 2), (3071, 2), (8401, 1), (3214, 1), (3218, 1), (3475, 1), (2969, 1)]
2126: [(6060, 2), (5821, 2), (3409, 2), (3410, 2), (6057, 2), (2179, 1), (5893, 1), (11526, 1), (7832, 1), (3346, 1)]
2127: [(3088, 7), (2378, 7), (3151, 7), (3698, 7), (2179, 6), (3590, 6), (2955, 6), (2964, 6), (6431, 6), (3649, 6)]
2139: [(3649, 3), (3698, 3), (3151, 3), (3442, 3), (6031, 3), (6019, 2), (5768, 2), (3088, 2), (6457, 2)]
2147: [(7808, 2), (3484, 2), (3018, 2), (6460, 2), (3301, 1)]
2148: [(2179, 8), (2159, 8), (6431, 8), (3154, 8), (3088, 7), (2964, 7), (3590, 6), (3649, 6), (2191, 6), (3351, 6)]
2153: [(3209, 2)]
2155: [(11787, 2), (8098, 2), (8489, 2), (5676, 2), (11695, 2), (8370, 2), (11433, 2), (3514, 2), (5837, 2), (11481, 2)]
2159: [(2378, 9), (3151, 7), (3442, 7), (6019, 6), (6031, 6), (3590, 6), (5895, 6), (5768, 6), (3088, 6), (6437, 6)]
2163: [(3108, 3), (6469, 3), (3561, 3), (3210, 3), (2219, 3), (5933, 3), (3121, 3), (11285, 3), (5852, 3), (3698, 2)]
2179: [(3151, 7), (3442, 7), (6019, 6), (6031, 6), (3590, 6), (5895, 6), (3088, 6), (6437, 6), (3118, 6), (6457, 6)]
2182: [(3209, 2)]
2183: [(3210, 2), (11364, 2), (5933, 2)]
2191: [(2378, 7), (6198, 5), (6019, 4), (3590, 4), (3088, 4), (3233, 4), (3108, 4), (6702, 4), (3018, 4), (3649, 4)]
2200: [(3427, 3), (3108, 3), (6469, 3), (3078, 3), (3561, 3), (3210, 3), (3308, 3), (5933, 3), (3117, 3), (2512, 3)]
2201: [(3698, 2), (3590, 2), (5714, 1)]
2205: [(3698, 2), (5714, 1)]
2207: [(3343, 2), (3063, 2), (3071, 2), (3218, 1), (3475, 1), (3268, 1), (3099, 1), (6432, 1), (3105, 1), (2981, 1)]
2219: [(3233, 4), (3236, 4), (3561, 4), (3696, 4), (6097, 4), (5732, 4), (11233, 3), (3121, 3), (3210, 3), (5933, 3)]
2234: [(3234, 2), (3636, 2), (3181, 1), (3037, 1)]
2241: [(3649, 6), (3590, 6), (3698, 6), (3151, 6), (3442, 6), (6031, 6), (3088, 5), (6457, 5)]
2364: [(3209, 2)]
2377: [(9504, 2), (2600, 1)]
2378: [(6019, 7), (3151, 7), (3590, 6), (3459, 6), (3018, 6), (3036, 6), (3484, 4), (3233, 4), (8098, 4), (3561, 4)]
2436: [(3997, 2), (2619, 1)]
2512: [(3204, 3), (3469, 3), (3108, 3), (6198, 3), (3384, 3), (3005, 3), (6345, 3), (6347, 3), (3436, 3), (3696, 3)]
2513: [(3841, 2), (3970, 2), (2563, 2), (3990, 2), (9665, 2), (4232, 2), (4233, 2), (3852, 2), (2575, 2), (2579, 2)]
2515: [(9504, 2), (4130, 2), (2621, 1), (2646, 1)]
2516: [(3888, 2)]
2518: [(9666, 2), (3835, 2), (4190, 2), (9231, 2), (9234, 2), (2644, 2), (4053, 2), (2559, 2), (4185, 2), (4186, 2)]
2519: [(3835, 2), (9632, 1), (9508, 1), (9638, 1), (9443, 1)]
2524: [(9504, 2), (4202, 1)]
2526: [(5429, 2), (4006, 2), (3997, 2), (3882, 1)]
2530: [(2605, 2)]
2555: [(3835, 2), (2556, 1)]
2556: [(3888, 2), (4009, 1), (2645, 1)]
2558: [(3888, 2)]
2559: [(3888, 2), (4187, 1)]
2561: [(3888, 2), (9248, 1), (3898, 1), (3732, 1)]
2563: [(9504, 2), (3746, 1), (4392, 1), (4202, 1), (3787, 1), (4044, 1), (2575, 1), (9640, 1), (4052, 1), (9630, 1)]
2579: [(2605, 2)]
2585: [(9504, 2)]
2589: [(9504, 2)]
2590: [(9504, 2), (4202, 1)]
2591: [(9504, 2), (9571, 2), (4002, 2), (9227, 2), (9507, 2), (2603, 2), (2636, 2), (4050, 2), (2605, 2), (4304, 2)]
2594: [(4543, 2)]
2604: [(2605, 2), (9276, 1)]
2605: [(9227, 2), (4118, 2), (3742, 2), (9504, 2), (4002, 2), (2606, 2), (2607, 2), (9397, 2), (3768, 2), (9276, 2)]
2619: [(5429, 2), (9254, 1), (3766, 1), (5173, 1)]
2621: [(9504, 2), (7041, 1), (4324, 1), (9567, 1)]
2644: [(3835, 2), (2645, 1)]
2646: [(4089, 2), (9672, 1), (4202, 1), (4173, 1), (9325, 1), (2686, 1), (4170, 1), (3742, 1)]
2676: [(9504, 2)]
2678: [(9504, 2)]
2682: [(5429, 2), (9641, 1), (3996, 1)]
2683: [(4089, 2), (3794, 1), (4173, 1)]
2685: [(9504, 2)]
2835: [(2955, 3), (3210, 2), (2964, 2), (8482, 2), (3108, 2), (5933, 2), (3121, 2), (6469, 2), (3665, 2), (3561, 2)]
2870: [(6469, 3), (3561, 3), (3210, 3), (5933, 3), (11285, 3), (6198, 3), (5852, 3), (3590, 2), (3698, 2), (3484, 2)]
2942: [(3698, 5), (3649, 4), (3442, 4), (3151, 4), (3088, 4), (6457, 4), (8062, 4), (3118, 3), (3588, 2), (8408, 1)]
2948: [(3209, 2), (3234, 2)]
2949: [(3643, 5)]
2954: [(3233, 2), (8197, 2), (3590, 2), (6120, 2), (2989, 2), (6702, 2), (3250, 2), (3698, 2), (3484, 2)]
2955: [(3151, 7), (3442, 7), (6019, 6), (5895, 6), (5768, 6), (3088, 6), (3590, 6), (3118, 6), (6198, 6), (6457, 6)]
2964: [(3590, 6), (3088, 6), (3118, 6), (3649, 6), (3151, 6), (3698, 6), (5768, 6), (6437, 6), (3442, 6), (6019, 6)]
2969: [(3268, 2), (8096, 1), (6218, 1)]
2988: [(6241, 2), (3108, 2), (6469, 2), (7841, 2), (3210, 2), (5803, 2), (5933, 2), (11364, 2), (6268, 1)]
2989: [(8197, 3), (6702, 3), (3055, 3), (6431, 3), (3236, 3), (6062, 3), (3250, 3), (11203, 3), (5958, 3), (3233, 3)]
3005: [(3108, 3), (6469, 3), (3561, 3), (3210, 3), (5933, 3), (3121, 3), (8370, 3), (11285, 3), (11364, 3), (5852, 3)]
3006: [(3698, 2), (3590, 2), (5714, 1)]
3018: [(3590, 6), (3154, 6), (3698, 6), (7795, 6), (7867, 6), (6457, 6), (3036, 6), (6198, 4), (11452, 4), (6345, 4)]
3036: [(3649, 6), (6019, 6), (3590, 6), (5895, 6), (6031, 6), (3698, 6), (3151, 6), (8062, 6), (3088, 5), (3118, 5)]
3045: [(3427, 3), (11364, 3), (3078, 3), (3210, 3), (5933, 3), (11542, 3)]
3055: [(8197, 4), (3250, 4), (11203, 4), (3233, 4), (8524, 4), (3696, 4), (6120, 4), (11144, 3), (5773, 3), (3216, 3)]
3063: [(3268, 2), (3071, 2), (6432, 1), (6215, 1), (11079, 1), (6324, 1)]
3066: [(3643, 3), (3088, 2), (5895, 2)]
3068: [(3590, 2)]
3069: [(3070, 2), (7812, 1), (7941, 1)]
3070: [(7812, 2), (7941, 2), (3200, 1), (3470, 1), (11288, 1), (5912, 1), (5936, 1), (3619, 1), (8484, 1), (11688, 1)]
3071: [(6215, 2), (8096, 1), (3105, 1), (3515, 1), (6432, 1), (11376, 1), (6026, 1), (11079, 1), (6028, 1), (11488, 1)]
3072: [(3643, 5)]
3077: [(6019, 2), (5895, 2), (6152, 1)]
3078: [(3210, 4), (3228, 4), (5933, 4), (3506, 4), (3261, 4), (3236, 4), (8282, 4), (3427, 4), (11364, 4), (3310, 4)]
3082: [(11285, 2), (3480, 2), (6142, 2), (3331, 1), (7969, 1), (7494, 1), (3626, 1), (6445, 1), (3505, 1), (13375, 1)]
3083: [(5691, 5), (3643, 5)]
3085: [(3643, 3)]
3088: [(6457, 7), (3698, 7), (6019, 6), (3590, 6), (5895, 6), (5768, 6), (3216, 6), (6431, 6), (6437, 6), (3442, 6)]
3095: [(8025, 2), (8101, 1)]
3101: [(3649, 3), (5926, 3), (3373, 3), (6168, 3), (8062, 3), (11811, 1)]
3104: [(3427, 3), (11364, 3), (3210, 3), (5933, 3), (3121, 3), (11542, 3), (8567, 2), (6142, 2)]
3106: [(3683, 2), (3424, 1), (7968, 1), (6052, 1), (3365, 1), (11529, 1), (11690, 1), (5708, 1), (3502, 1), (5872, 1)]
3108: [(6431, 4), (3233, 4), (3236, 4), (6702, 4), (6198, 4), (6345, 4), (3561, 4), (6127, 4), (3696, 4), (3204, 3)]
3113: [(3129, 3)]
3117: [(3427, 3), (11364, 3), (3210, 3), (5933, 3), (11542, 3), (3228, 3), (6142, 2)]
3118: [(3151, 7), (3442, 7), (6019, 6), (5895, 6), (5768, 6), (6031, 6), (3216, 6), (6437, 6), (3649, 6), (3154, 6)]
3121: [(3204, 3), (3210, 3), (3469, 3), (3216, 3), (3352, 3), (11285, 3), (11542, 3), (3480, 3), (6431, 3), (3233, 3)]
3126: [(11302, 2), (3277, 2), (3538, 2), (5750, 2), (3203, 1), (3591, 1), (6280, 1), (3468, 1), (11663, 1), (11153, 1)]
3129: [(3649, 5), (6168, 5), (5926, 5), (3373, 5), (8062, 5), (3484, 3), (11811, 3), (5888, 1), (5764, 1), (6150, 1)]
3150: [(6241, 2), (8098, 2), (3427, 2), (11364, 2), (11542, 2), (11433, 2), (5676, 2), (5933, 2), (11695, 2), (3696, 2)]
3151: [(6019, 7), (5895, 7), (5768, 7), (3216, 7), (6431, 7), (6437, 7), (3442, 7), (3590, 6), (6031, 6), (3459, 6)]
3154: [(6019, 6), (3590, 6), (5768, 6), (6437, 6), (6457, 6), (3649, 6), (6031, 6), (8068, 5), (3373, 5), (6168, 5)]
3160: [(3590, 3)]
3193: [(3519, 2)]
3204: [(6469, 3), (3561, 3), (3210, 3), (5933, 3), (6198, 3), (5852, 3), (3590, 2)]
3207: [(6241, 2), (11364, 2), (6469, 2), (7841, 2), (3210, 2), (5803, 2), (5933, 2), (6268, 1)]
3209: [(6433, 2), (7842, 2), (8584, 2), (6314, 2), (7790, 2), (6033, 2), (6036, 2), (6037, 2), (11607, 2), (8500, 2)]
3210: [(3228, 4), (3236, 4), (5933, 4), (11364, 4), (3506, 4), (3261, 4), (8282, 4), (3427, 4), (3310, 4), (11542, 3)]
3216: [(3442, 7), (6019, 6), (3590, 6), (5895, 6), (5768, 6), (6437, 6), (6457, 6), (3649, 6), (3698, 6), (6031, 6)]
3223: [(3643, 5)]
3228: [(3427, 4), (3236, 4), (5933, 4), (3310, 4), (3506, 4), (11364, 4), (8282, 4), (3261, 4), (3308, 3), (11542, 3)]
3233: [(3696, 5), (8197, 4), (6702, 4), (6127, 4), (6431, 4), (3236, 4), (6062, 4), (3250, 4), (6198, 4), (11203, 4)]
3234: [(5763, 2), (11784, 2), (5769, 2), (3466, 2), (7826, 2), (7828, 2), (6298, 2), (6299, 2), (8477, 2), (6433, 2)]
3236: [(5933, 4), (6198, 4), (3427, 4), (11364, 4), (3561, 4), (8197, 3), (11285, 3), (11542, 3), (3250, 3), (11203, 3)]
3249: [(3561, 3), (5933, 3), (6469, 3), (3698, 2)]
3250: [(8197, 4), (11203, 4), (8524, 4), (6120, 4), (11144, 3), (5773, 3), (6431, 3), (11202, 3), (6702, 3), (6198, 3)]
3261: [(3427, 4), (11364, 4), (5933, 4)]
3268: [(6432, 2), (8233, 2), (11309, 2), (6065, 2), (8114, 2), (11458, 2), (7875, 2), (8013, 2), (5987, 2), (7915, 2)]
3277: [(11302, 2), (3649, 1), (5750, 1), (3403, 1), (6323, 1), (11638, 1), (3484, 1), (8037, 1)]
3281: [(3698, 7), (3649, 6), (3590, 6), (3442, 6), (6031, 6), (6457, 6), (6437, 5), (5895, 5), (3351, 5)]
3282: [(3698, 2), (3590, 2)]
3284: [(3590, 2), (6049, 1)]
3286: [(3649, 2), (3590, 2)]
3298: [(11302, 2), (6323, 1), (5750, 1), (11455, 1)]
3304: [(8328, 2)]
3305: [(8328, 2), (8106, 2), (6142, 2), (6377, 1)]
3308: [(3427, 3), (11364, 3), (5933, 3), (6142, 2)]
3310: [(3427, 4), (11364, 4), (5933, 4), (11542, 3)]
3325: [(6019, 5), (5895, 5), (5768, 5), (6031, 5), (6437, 5), (3698, 5), (6457, 5), (3442, 5), (8197, 2), (11203, 2)]
3326: [(3649, 4), (6019, 4), (3590, 4), (5768, 4), (6031, 4), (3698, 4), (6198, 4), (6457, 4), (6469, 3), (3561, 3)]
3342: [(3649, 2)]
3347: [(3649, 2), (11203, 2), (8197, 2), (3590, 2), (6120, 2), (8524, 2), (3698, 2), (6198, 2), (3484, 2), (11144, 1)]
3351: [(3649, 6), (6019, 6), (3590, 6), (5895, 6), (6031, 6), (3442, 6), (3698, 6), (8062, 6), (5926, 5), (6152, 5)]
3352: [(6469, 3), (3561, 3), (5933, 3), (11285, 3), (5852, 3), (3590, 2), (3698, 2)]
3369: [(5691, 3)]
3373: [(6082, 5), (5926, 5), (3590, 5), (3649, 5), (11880, 5), (5804, 5), (6350, 5), (3709, 5), (8501, 5), (6168, 5)]
3383: [(7808, 2), (6460, 2), (3698, 2), (3428, 1)]
3384: [(5852, 3), (6469, 3), (3561, 3), (5933, 3), (6198, 3), (3698, 2), (3484, 2)]
3390: [(5691, 3)]
3394: [(11234, 2), (8280, 1), (13435, 1), (3610, 1)]
3409: [(6469, 3), (3561, 3), (5933, 3), (11285, 3), (5852, 3), (3698, 2), (6060, 2), (3410, 2), (6057, 2)]
3410: [(6057, 2), (6060, 2), (5821, 2), (5893, 1), (11526, 1), (7832, 1), (6162, 1), (7960, 1), (6041, 1), (3488, 1)]
3415: [(5691, 5), (6473, 2)]
3427: [(11364, 4), (5933, 4), (3506, 4), (8282, 4), (5857, 3), (8098, 3), (11542, 3), (5837, 3), (11578, 3), (3478, 3)]
3429: [(3649, 2), (3698, 2), (3484, 2)]
3432: [(3590, 2), (7841, 1), (8567, 1)]
3435: [(3636, 2)]
3436: [(6469, 3), (3561, 3), (5933, 3), (6198, 3), (5852, 3), (3590, 2), (3698, 2), (11481, 2)]
3442: [(5768, 7), (6437, 7), (6431, 7), (6019, 6), (5895, 6), (6031, 6), (3459, 6), (3503, 6), (5686, 6), (6457, 6)]
3445: [(5691, 3)]
3452: [(11364, 3), (11542, 3), (5933, 3), (3478, 3), (6241, 2), (8567, 2), (11481, 2)]
3453: [(6120, 2), (3698, 2), (3484, 2)]
3459: [(3649, 6), (6031, 6), (3698, 6), (8062, 6), (6019, 5), (6437, 5), (5895, 5), (6152, 5), (5768, 5), (6457, 5)]
3469: [(6469, 3), (3561, 3), (5933, 3), (11285, 3), (6198, 3), (5852, 3), (3698, 2)]
3478: [(11364, 3), (5933, 3), (11481, 2), (8567, 2)]
3480: [(3561, 3), (5852, 3), (5933, 3), (6469, 3), (3590, 2)]
3484: [(6019, 4), (3590, 4), (3649, 4), (6385, 4), (3698, 4), (6198, 3), (6347, 3), (6097, 3), (8197, 2), (6409, 2)]
3493: [(3561, 3), (5933, 3), (6469, 3)]
3502: [(3649, 3), (6019, 2), (11234, 1), (3683, 1), (5933, 1)]
3503: [(3649, 6), (6031, 6), (6019, 5), (6437, 5), (5895, 5), (6152, 5), (5768, 5), (6457, 5)]
3506: [(11364, 4), (5933, 4)]
3507: [(3636, 2)]
3512: [(5933, 3), (6198, 3), (6469, 3)]
3514: [(3649, 2), (11203, 2), (8197, 2), (6120, 2), (8524, 2), (3698, 2), (5681, 1), (6457, 1), (11144, 1)]
3517: [(3649, 6), (3590, 6), (6031, 6), (8062, 6), (6019, 5), (5926, 5), (5895, 5), (6152, 5), (5768, 5), (6168, 5)]
3519: [(8052, 2), (3912, 1), (9330, 1), (3925, 1)]
3525: [(6457, 2), (5686, 2)]
3531: [(7808, 2), (6393, 2), (6460, 2), (6278, 2), (7795, 1)]
3553: [(5691, 3)]
3558: [(3649, 2), (11203, 2), (8197, 2), (6120, 2), (3698, 2), (11095, 2), (5757, 2), (11144, 1)]
3561: [(6345, 4), (6702, 4), (3696, 4), (6097, 4), (6431, 4), (8272, 3), (8098, 3), (5755, 3), (5732, 3), (6181, 3)]
3571: [(3649, 2), (8197, 2), (3590, 2), (6120, 2), (8524, 2), (3698, 2), (11144, 1), (5714, 1)]
3590: [(3649, 6), (3657, 6), (3698, 6), (5768, 6), (6431, 6), (8062, 6), (3643, 5), (11360, 5), (6333, 5), (6436, 5)]
3595: [(6152, 5), (6031, 5), (6019, 4), (6437, 4), (5895, 4), (5768, 4), (6457, 4), (6246, 2), (11102, 2)]
3630: [(6278, 2), (3698, 2), (6469, 1), (8524, 1), (7933, 1), (8037, 1)]
3635: [(6414, 2), (7967, 1)]
3636: [(7842, 2), (5763, 2), (8036, 2), (6214, 2), (6024, 2), (5769, 2), (6314, 2), (11340, 2), (11887, 2), (11784, 2)]
3643: [(6019, 5), (8236, 5), (6414, 5), (11151, 5), (5781, 5), (11287, 5), (5926, 5), (7980, 5), (8375, 5), (3649, 5)]
3649: [(3698, 8), (6019, 6), (5895, 6), (5768, 6), (6031, 6), (6431, 6), (6437, 6), (5686, 6), (6457, 6), (7867, 6)]
3650: [(6120, 2), (3698, 2), (8197, 2)]
3654: [(11234, 2), (8280, 1), (8533, 1)]
3656: [(11203, 2), (8197, 2), (6120, 2), (8524, 2), (3698, 2), (6198, 2), (5681, 1), (11327, 1)]
3657: [(6031, 6), (5768, 5), (6457, 5), (6019, 5), (6437, 5)]
3660: [(3698, 3), (6120, 2), (8524, 2), (6198, 2), (11144, 1)]
3677: [(5691, 3)]
3694: [(6031, 4), (3698, 4), (6019, 3), (6437, 3), (5895, 3), (6152, 3), (5768, 3), (6457, 3)]
3696: [(11203, 4), (6120, 4), (8524, 4), (6198, 4), (11542, 3), (11364, 3), (6469, 3), (5933, 3), (11144, 3), (11285, 3)]
3698: [(6431, 6), (6437, 6), (6059, 6), (5686, 6), (7795, 6), (6278, 4), (6198, 4), (6345, 4), (6347, 4), (8197, 2)]
3704: [(8197, 2), (6120, 2), (8524, 2), (5681, 1), (11144, 1), (11327, 1)]
3709: [(6031, 6), (6019, 5), (6437, 5), (5926, 5), (5895, 5), (6152, 5), (5768, 5), (6168, 5), (6457, 5), (11840, 4)]
3714: [(3888, 2), (4186, 1), (9635, 1)]
3733: [(3888, 2), (3940, 1)]
3737: [(4130, 2)]
3744: [(3835, 2), (4184, 1), (9288, 1), (9449, 1)]
3746: [(9504, 2), (4202, 1)]
3756: [(9504, 2)]
3762: [(9504, 2), (4130, 2), (4202, 1)]
3775: [(3835, 2), (4190, 1)]
3785: [(4089, 2), (9684, 1), (4166, 1), (3926, 1)]
3786: [(5429, 2), (3856, 1)]
3789: [(4006, 2)]
3821: [(5429, 2), (4006, 2), (3997, 2)]
3834: [(3888, 2), (3835, 2), (9443, 1)]
3835: [(4129, 2), (4007, 2), (9449, 2), (3911, 2), (9634, 2), (4184, 2), (4186, 2), (9693, 2), (9447, 2), (3906, 1)]
3839: [(9504, 2), (3870, 1)]
3840: [(3997, 2), (4006, 2), (3882, 1), (4117, 1)]
3847: [(4089, 2)]
3849: [(4089, 2), (9672, 1)]
3870: [(9504, 2), (4130, 2), (4202, 1)]
3882: [(4006, 2), (9473, 1), (9254, 1), (9610, 1), (9677, 1), (9583, 1), (9680, 1), (4341, 1), (9565, 1)]
3888: [(9633, 2), (9634, 2), (9443, 2), (9639, 2), (4008, 2), (9226, 2), (4331, 2), (9230, 2), (9232, 2), (4338, 2)]
3897: [(4130, 2)]
3912: [(9086, 2), (9330, 1)]
3925: [(9086, 2), (9330, 1)]
3926: [(4089, 2), (4047, 1)]
3927: [(4089, 2), (4156, 1)]
3939: [(5429, 2), (9086, 2), (9577, 1)]
3992: [(4130, 2), (4044, 1)]
3997: [(4006, 2), (9610, 2), (9580, 2), (9391, 2), (9680, 2), (4341, 2), (9242, 2), (9564, 2), (9629, 2)]
4006: [(9629, 2), (4341, 2), (9254, 2), (9583, 2)]
4047: [(4089, 2), (4173, 1), (9470, 1)]
4088: [(5429, 2)]
4089: [(9470, 2), (9574, 2), (9229, 2), (9406, 2)]
4093: [(5429, 2), (9264, 1)]
4130: [(9665, 2), (9411, 2), (4324, 2), (4263, 2), (9392, 2), (9272, 2), (9395, 2), (9332, 2), (9687, 2), (4344, 2)]
4131: [(9504, 2)]
4177: [(5429, 2)]
4199: [(5429, 2)]
4298: [(5429, 2)]
4330: [(9086, 2), (9283, 1), (9236, 1), (9278, 1)]
4379: [(5429, 2)]
4543: [(5933, 3), (6469, 3), (5852, 3), (6666, 1), (9614, 1), (6933, 1), (7062, 1), (11170, 1), (9643, 1), (5422, 1)]
4682: [(7286, 2), (8888, 1)]
4770: [(7286, 2), (5482, 1)]
5429: [(9250, 2), (9416, 2), (9641, 2), (9557, 2), (9246, 2), (8742, 1)]
5530: [(7286, 2)]
5585: [(9086, 2)]
5676: [(6241, 2), (11364, 2), (5933, 2), (8567, 2), (11481, 2), (8282, 2), (11578, 2)]
5686: [(6031, 6), (6019, 5), (6437, 5), (5895, 5), (6152, 5), (5768, 5), (6457, 5), (6350, 4), (6084, 2), (6246, 2)]
5687: [(6031, 2), (6152, 1), (5768, 1), (5895, 1), (6457, 1)]
5691: [(6152, 5), (5781, 5), (6263, 5), (6425, 5), (5895, 4), (6400, 3), (13348, 3), (5927, 3), (5801, 3), (7929, 3)]
5712: [(11240, 4), (8025, 4), (11566, 2), (7967, 2)]
5732: [(6431, 4), (6469, 3), (7814, 3), (5933, 3), (5852, 3), (5824, 1), (6049, 1), (11267, 1), (8423, 1), (6471, 1)]
5733: [(11206, 2)]
5755: [(11364, 3), (6469, 3), (5852, 3), (5933, 3), (11285, 3), (11542, 3), (6241, 2), (7841, 2), (5803, 2), (6268, 1)]
5757: [(6120, 2), (6130, 2), (8524, 2), (8197, 2), (5773, 2)]
5768: [(6431, 7), (6019, 6), (6437, 6), (5895, 6), (6031, 6), (6457, 6), (8062, 6), (6385, 5), (7795, 5), (7867, 5)]
5773: [(6120, 3), (11203, 3), (8524, 3), (8197, 3), (11144, 2)]
5803: [(6241, 2), (8098, 2), (11364, 2), (6469, 2), (7841, 2), (5869, 2), (5933, 2), (6129, 2), (6268, 1)]
5804: [(8025, 4)]
5809: [(6168, 3), (5926, 3), (5895, 2), (11296, 1), (7933, 1)]
5821: [(6057, 2), (6060, 2)]
5834: [(11170, 2), (11557, 2), (6214, 2), (11702, 2), (8140, 2), (11597, 2), (8142, 2), (11101, 2), (11728, 2), (11640, 2)]
5837: [(11364, 3), (5933, 3), (11542, 3), (7841, 2), (8567, 2)]
5852: [(8098, 3), (6347, 3), (6181, 3), (6345, 3), (5933, 3), (6702, 3), (6127, 3), (8272, 3), (6097, 3), (11285, 3)]
5857: [(11364, 3), (5933, 3), (11542, 3)]
5869: [(6241, 2), (11364, 2), (6469, 2), (7841, 2), (5933, 2), (6268, 1)]
5895: [(6019, 7), (6437, 6), (6457, 6), (6431, 6), (6031, 5), (6385, 5), (7795, 5), (7867, 5), (8062, 5), (5926, 4)]
5899: [(6120, 2), (8524, 2), (8197, 2)]
5926: [(6436, 5), (6350, 5), (8501, 5), (6038, 5), (6168, 5), (8025, 5), (7867, 5), (8062, 5), (8251, 3), (11811, 3)]
5933: [(8282, 4), (11364, 4), (6702, 3), (11542, 3), (6431, 3), (8098, 3), (6181, 3), (6062, 3), (8370, 3), (6198, 3)]
5938: [(7808, 2), (6393, 2), (6460, 2), (6278, 2)]
5944: [(6120, 2), (8524, 2), (8197, 2), (6198, 2), (11327, 1)]
5958: [(6120, 3), (8524, 3), (6278, 2), (11296, 1), (7933, 1)]
6019: [(6437, 6), (6457, 6), (6431, 6), (7867, 5), (6031, 5), (6385, 5), (7795, 5), (8062, 5), (6152, 4), (11452, 3)]
6031: [(6437, 6), (6385, 6), (7795, 6), (7867, 6), (8062, 6), (6431, 6), (11300, 5), (6152, 5), (6457, 5), (11452, 4)]
6040: [(11206, 2)]
6057: [(6060, 2), (6112, 1), (6475, 1), (13414, 1), (11526, 1), (8136, 1), (6423, 1), (8366, 1), (6191, 1), (7960, 1)]
6059: [(6469, 2)]
6062: [(6120, 3), (11364, 3), (8524, 3)]
6097: [(6437, 4), (11203, 3), (8197, 3), (6120, 3), (8524, 3), (11285, 3), (6469, 3), (8480, 1), (8037, 1)]
6106: [(6431, 5), (8242, 2), (8439, 2), (7989, 2)]
6120: [(8197, 4), (11203, 4), (8524, 4), (11144, 3), (11282, 3), (6431, 3), (6702, 3), (11202, 3), (6345, 3), (13424, 3)]
6127: [(6469, 3), (6142, 2)]
6129: [(6241, 2), (7841, 2)]
6130: [(11203, 2), (8197, 2), (8524, 2), (6198, 2), (11144, 1), (11327, 1)]
6135: [(7808, 2), (6393, 2), (6460, 2), (6278, 2)]
6142: [(6409, 2), (8559, 2), (6431, 2), (8489, 2), (11820, 2), (11578, 2), (7996, 2), (11718, 2), (8272, 2), (6405, 1)]
6152: [(6385, 5), (7795, 5), (6431, 5), (8062, 5), (6437, 4), (6457, 4), (13480, 3), (7929, 3), (11877, 1), (6373, 1)]
6168: [(6436, 5), (11880, 5), (6350, 5), (8501, 5), (8025, 5), (7867, 5), (8062, 5), (8251, 3)]
6181: [(6469, 3)]
6198: [(6345, 5), (8098, 3), (6469, 3), (8524, 3), (7995, 3), (11452, 3), (11624, 2), (13325, 2), (11282, 2), (11382, 2)]
6209: [(7864, 2), (7973, 2)]
6218: [(8096, 2), (6432, 1), (11077, 1), (8233, 1), (13486, 1), (8401, 1), (11155, 1), (11253, 1)]
6241: [(7841, 2), (8098, 2), (11364, 2), (6469, 2), (11695, 2), (11542, 2), (8567, 2), (11481, 2), (8282, 2), (11578, 2)]
6274: [(6431, 3), (6457, 2), (11294, 1)]
6278: [(6431, 4), (7808, 2), (11701, 2), (6702, 2), (11311, 2), (6393, 2), (6460, 2), (7935, 1), (6478, 1), (8505, 1)]
6311: [(8242, 2)]
6333: [(6387, 2)]
6345: [(11203, 3), (8197, 3), (6469, 3), (8524, 3), (11327, 2), (11087, 1)]
6346: [(6347, 2)]
6347: [(6469, 3), (11627, 2), (13348, 2), (11771, 2), (8592, 1), (7780, 1), (11207, 1), (13353, 1), (13505, 1), (8206, 1)]
6350: [(11880, 4)]
6385: [(8062, 6), (6431, 6), (6437, 5), (6457, 5), (8341, 2), (13366, 2)]
6393: [(7808, 2), (11311, 2), (6431, 2), (11701, 2), (6460, 2), (11631, 1), (7935, 1)]
6400: [(6431, 3)]
6414: [(7874, 2), (6441, 1)]
6418: [(9086, 2)]
6427: [(8062, 3)]
6431: [(6457, 6), (11203, 4), (8197, 3), (8458, 3), (8524, 3), (8383, 3), (7967, 3), (8049, 3), (11327, 3), (6469, 3)]
6436: [(8062, 5), (11880, 4), (11811, 2)]
6437: [(6457, 6), (8062, 6), (7795, 5), (11452, 3)]
6457: [(7867, 5), (7795, 5), (8062, 5), (11452, 3), (8098, 2), (11765, 2), (6458, 2), (8315, 2), (8365, 1)]
6458: [(8501, 2)]
6460: [(7808, 2), (8389, 1), (7935, 1)]
6469: [(8098, 3), (11364, 3), (11233, 3), (8552, 3), (7917, 3), (6702, 3), (8272, 3), (12609, 3), (11285, 3), (11578, 3)]
6479: [(8524, 2), (11144, 1)]
6702: [(8197, 3), (8524, 3), (11144, 2), (11296, 1), (8496, 1), (7933, 1)]
7092: [(7286, 2), (8899, 1)]
7286: [(12738, 2), (7590, 2), (9990, 2), (12908, 2), (9934, 2), (9999, 2), (12179, 2), (8663, 2), (10555, 2), (8959, 2)]
7808: [(11701, 2), (11311, 2), (8505, 1), (7835, 1)]
7834: [(11203, 2), (8524, 2), (8197, 2), (11144, 1), (11327, 1)]
7841: [(8098, 2), (11364, 2), (11433, 2), (8370, 2), (8567, 2), (11787, 1), (8493, 1)]
7864: [(7973, 2)]
7867: [(8062, 6), (11171, 2), (11627, 2), (7952, 2), (11811, 2), (13493, 2), (11191, 2)]
7894: [(11203, 2), (8524, 2), (8197, 2), (11144, 1)]
7952: [(11360, 2)]
7973: [(11538, 2)]
7995: [(11285, 3)]
8007: [(11234, 2), (8280, 1), (13435, 1), (8533, 1)]
8024: [(11203, 2), (8524, 2), (8197, 2), (11144, 1), (11327, 1)]
8025: [(8062, 5), (11880, 4), (11811, 2), (11171, 2), (11566, 2)]
8049: [(8197, 2), (11816, 2), (8524, 2), (11382, 2), (11144, 1), (8475, 1), (11327, 1)]
8062: [(8501, 5), (11452, 4), (8065, 3), (11714, 3), (11811, 3), (8204, 3), (11336, 1), (11377, 1)]
8068: [(8501, 4)]
8098: [(11364, 3), (11285, 3), (11542, 3), (11820, 2), (8567, 2), (11481, 2), (11853, 1)]
8197: [(8524, 4), (11202, 3), (11144, 3), (11282, 3), (11075, 2), (11558, 2), (11816, 2), (11464, 2), (11882, 2), (13325, 2)]
8204: [(11206, 2)]
8251: [(11880, 2), (11811, 1)]
8282: [(11364, 4), (11542, 3), (11481, 2), (11695, 2), (8567, 2)]
8370: [(11364, 3), (11542, 3), (8567, 2)]
8501: [(11880, 4), (11811, 2)]
8524: [(11203, 4), (11202, 3), (11144, 3), (11282, 3), (11075, 2), (11558, 2), (11816, 2), (11464, 2), (11452, 2), (11882, 2)]
8567: [(11364, 2), (11433, 2), (11695, 2), (11542, 2), (11481, 2), (11578, 2), (11787, 1), (11820, 1)]
9086: [(9505, 2), (13442, 2), (9385, 2), (9514, 2), (9401, 2), (9662, 2), (9471, 2)]
9313: [(9504, 2)]
9504: [(9618, 2)]
11097: [(11203, 2), (11144, 1), (11327, 1)]
11144: [(11202, 2), (13424, 2), (11282, 2), (11327, 2), (13462, 1), (11816, 1), (11464, 1), (11452, 1), (11882, 1), (13325, 1)]
11202: [(11203, 3), (11327, 1)]
11203: [(11624, 2), (11292, 2), (11382, 2), (11327, 2)]
11206: [(11479, 2)]
11234: [(13435, 2)]
11240: [(11566, 2)]
11364: [(11542, 3), (11578, 3), (11433, 2), (11820, 2), (11695, 2), (11481, 2)]
11433: [(11481, 2)]
11481: [(11578, 2), (11542, 2), (11695, 2), (11820, 1)]
11542: [(11820, 2), (11695, 2)]
11578: [(11820, 2)]
11816: [(13424, 2)]
