6
total nodes: 13579
uncovered nodes: 1605
Number of structures in the model: 400
Printing the graph out
number of edges with duplicates = 1321361
SuperGraph edges printed out
Total	fc	st	bc	ch	nc	nb	Empty	Model	Percent
400	1	399	0	0	0	0	475912	339412	71.32%

26.7630620003
Total running time 26.76
covered / total: 31320 / 37448
0: [(739, 2), (10240, 1), (2, 1), (2070, 1), (23, 1), (10586, 1), (35, 1), (12324, 1), (40, 1), (42, 1)]
201: [(276, 2), (10936, 1), (10942, 1), (8363, 1), (10953, 1), (202, 1), (203, 1), (204, 1), (205, 1), (207, 1)]
259: [(11144, 2), (832, 1), (7894, 1), (3649, 1), (1546, 1), (2955, 1), (6120, 1), (5773, 1), (1550, 1), (2191, 1)]
261: [(3055, 2), (8197, 1), (3590, 1), (11282, 1), (11292, 1), (1571, 1), (11816, 1), (13357, 1), (6702, 1), (1584, 1)]
597: [(1179, 2), (1538, 1), (7672, 1), (1546, 1), (1035, 1), (4433, 1), (2660, 1), (4120, 1), (9248, 1), (1062, 1)]
660: [(3210, 2), (1538, 1), (3590, 1), (3591, 1), (1544, 1), (3088, 1), (11296, 1), (3106, 1), (3108, 1), (11302, 1)]
815: [(842, 2), (7382, 1), (5633, 1), (1538, 1), (3590, 1), (1544, 1), (6475, 1), (1546, 1), (1547, 1), (1550, 1)]
820: [(1511, 2), (8197, 1), (3590, 1), (1546, 1), (13325, 1), (1550, 1), (11282, 1), (3607, 1), (11292, 1), (1571, 1)]
832: [(1642, 2), (6059, 1), (8197, 1), (3590, 1), (1544, 1), (1546, 1), (1550, 1), (6162, 1), (11285, 1), (11286, 1)]
943: [(1982, 2), (12291, 1), (12299, 1), (4119, 1), (4120, 1), (8235, 1), (6198, 1), (12344, 1), (10299, 1), (2111, 1)]
950: [(2300, 2), (10241, 1), (2052, 1), (2057, 1), (2062, 1), (2065, 1), (2068, 1), (12309, 1), (10585, 1), (12318, 1)]
1216: [(2123, 2), (9213, 1), (5633, 1), (1538, 1), (9220, 1), (3077, 1), (3078, 1), (1544, 1), (1546, 1), (3595, 1)]
1245: [(2148, 2), (7682, 1), (8197, 1), (3590, 1), (1544, 1), (11276, 1), (1538, 1), (3088, 1), (11285, 1), (3106, 1)]
1264: [(5933, 2), (4097, 1), (1544, 1), (1546, 1), (4433, 1), (4121, 1), (2593, 1), (1571, 1), (5157, 1), (9258, 1)]
1450: [(1907, 2), (5518, 1), (1814, 1), (7448, 1), (2841, 1), (1948, 1), (1693, 1), (1952, 1), (5537, 1), (1830, 1)]
1538: [(1584, 2), (6147, 1), (7672, 1), (3590, 1), (1544, 1), (1546, 1), (1550, 1), (3088, 1), (11285, 1), (6019, 1)]
1673: [(2964, 2), (3590, 1), (3088, 1), (6162, 1), (3101, 1), (2080, 1), (3108, 1), (3078, 1), (3117, 1), (6702, 1)]
1948: [(3484, 2), (5633, 1), (1963, 1), (6661, 1), (10758, 1), (2059, 1), (9744, 1), (12824, 1), (9762, 1), (8742, 1)]
1978: [(3018, 2), (4097, 1), (3586, 1), (9219, 1), (4104, 1), (2573, 1), (12302, 1), (4624, 1), (2065, 1), (2068, 1)]
2199: [(2202, 2), (6401, 1), (11299, 1), (13318, 1), (8001, 1), (6344, 1), (11753, 1), (3018, 1), (3245, 1), (3054, 1)]
3106: [(3683, 2), (3424, 1), (7968, 1), (6052, 1), (3365, 1), (11529, 1), (11690, 1), (5708, 1), (3502, 1), (5872, 1)]
3649: [(3698, 2), (6019, 1), (6020, 1), (11882, 1), (5895, 1), (5768, 1), (8201, 1), (6155, 1), (5773, 1), (6031, 1)]
5768: [(6431, 2), (6019, 1), (6437, 1), (6385, 1), (6152, 1), (13321, 1), (5895, 1), (6031, 1), (5809, 1), (7795, 1)]
6218: [(8096, 2), (6432, 1), (11077, 1), (8233, 1), (8013, 1), (13486, 1), (8401, 1), (11155, 1), (11253, 1)]
7912: [(11234, 2), (8280, 1), (8042, 1), (8533, 1), (8007, 1)]
