6
total nodes: 26475
uncovered nodes: 3858
Number of structures in the model: 572
Printing the graph out
number of edges with duplicates = 1287736
SuperGraph edges printed out
Total	fc	st	bc	ch	nc	nb	Empty	Model	Percent
572	2	557	13	0	0	0	753939	533362	70.74%

Entropy over structure type: 0.0
8.30515909195
Total running time 8.31
covered / total: 43438 / 53381
95: [(275, 2), (8195, 1), (8197, 1), (8199, 1), (16396, 1), (8207, 1), (12291, 1), (8212, 1), (24605, 1), (19120, 1)]
104: [(881, 2), (12616, 1), (19572, 1), (6147, 1), (12294, 1), (6152, 1), (10249, 1), (8535, 1), (6160, 1), (15363, 1)]
194: [(2136, 2), (15019, 1), (8196, 1), (8199, 1), (8202, 1), (8204, 1), (8208, 1), (8211, 1), (22096, 1), (8226, 1)]
195: [(742, 2), (18432, 1), (14341, 1), (18439, 1), (20490, 1), (18443, 1), (24589, 1), (20141, 1), (14353, 1), (16415, 1)]
289: [(795, 2), (2050, 1), (1539, 1), (8197, 1), (5640, 1), (2570, 1), (7767, 1), (1551, 1), (16643, 1), (11284, 1)]
295: [(2668, 2), (14336, 1), (2051, 1), (20485, 1), (2056, 1), (16393, 1), (14347, 1), (2066, 1), (14368, 1), (14369, 1)]
613: [(9995, 2), (2304, 1), (22509, 1), (8197, 1), (6664, 1), (12514, 1), (2570, 1), (2571, 1), (3379, 1), (3843, 1)]
821: [(848, 2), (20486, 1), (20495, 1), (2066, 1), (18456, 1), (18460, 1), (20510, 1), (18466, 1), (2083, 1), (14375, 1)]
858: [(1869, 2), (14336, 1), (16387, 1), (2056, 1), (22188, 1), (20495, 1), (16403, 1), (20500, 1), (2071, 1), (18456, 1)]
931: [(10885, 2), (2049, 1), (9730, 1), (8197, 1), (25094, 1), (1543, 1), (5128, 1), (2570, 1), (11351, 1), (13314, 1)]
1111: [(1370, 2), (9131, 1), (3972, 1), (22614, 1), (13249, 1), (3338, 1), (9995, 1), (1164, 1), (13634, 1), (3983, 1)]
1240: [(1517, 2), (11780, 1), (1283, 1), (22556, 1), (9392, 1), (2601, 1), (2606, 1), (16947, 1), (2100, 1), (8757, 1)]
2100: [(2570, 2), (2560, 1), (14336, 1), (19970, 1), (24068, 1), (8197, 1), (18952, 1), (2571, 1), (8725, 1), (9750, 1)]
5198: [(6951, 2), (22144, 1), (17410, 1), (14596, 1), (22406, 1), (8199, 1), (9993, 1), (21784, 1), (19757, 1), (15376, 1)]
