11842
11845
11849
11855
11839
11851
11844
11854
11856
11827
11853
11852
11846
11848
11820
11850
11792
11835
11814
11843
11840
11832
5
11811
26
11799
11808
11787
11748
126
11679
11795
11778
11786
11737
11742
11776
11676
11606
11766
11713
133
11664
124
11587
11673
175
205
11654
9
312
138
240
395
290
244
11532
11727
356
11668
11559
11529
199
423
614
638
11620
1827
11838
11847
11774
11759
11758
11588
28
283
286
142
319
9955
11492
11499
8
418
11519
169
485
111
678
560
609
10779
621
664
2993
72
1113
1115
1272
1426
1574
1830
6348
6600
188
1267
2720
2626
1137
2382
2386
831
11585
11289
59
526
553
607
2547
706
704
724
737
815
832
1227
10976
1445
10318
1557
2767
1822
1824
2032
2449
2451
6351
2667
2705
2712
3014
3828
2744
2743
2745
2746
6712
4791
2820
2784
10652
2737
2721
2624
2535
2578
2552
2470
7024
7565
2385
2384
7955
1978
1981
1977
1859
1854
1855
1711
3278
1108
1594
1602
1588
11558
3049
1577
2458
2701
2769
2729
11346
2684
2628
2627
2623
796
7122
2967
2469
2471
1982
1979
1856
1858
1857
1715
1710
830
1584
1586
2825
1589
1583
9107
1784
2549
1860
1853
1852
1731
1597
3460
8351
1478
2614
2770
