6
total nodes: 13579
uncovered nodes: 193
Number of structures in the model: 52
Printing the graph out
number of edges with duplicates = 32628
SuperGraph edges printed out
Total	fc	st	bc	ch	nc	nb	Empty	Model	Percent
52	27	24	1	0	0	0	475912	182846	38.42%

Entropy over structure type: 0.0
38.1623938084
Total running time 38.16
covered / total: 42138 / 37448
0: [(101, 5), (201, 5), (2300, 5), (276, 5), (612, 5), (950, 5), (694, 4), (2123, 4), (131, 4), (425, 4)]
11: [(426, 2), (1814, 2), (1023, 1)]
17: [(4449, 2), (133, 2), (2752, 1), (5158, 1), (4677, 1)]
23: [(694, 3), (8742, 3), (1814, 3), (12417, 2), (1216, 2), (948, 2), (992, 1), (3529, 1), (5084, 1)]
28: [(1814, 3), (1226, 3), (739, 3), (5391, 2), (409, 2), (1952, 2), (1200, 2), (1982, 2), (1216, 2), (2123, 2)]
29: [(133, 2)]
67: [(127, 2), (202, 1), (413, 1)]
76: [(6057, 3), (6060, 3), (2126, 3), (3410, 3), (794, 3), (1505, 2), (8313, 2), (127, 2)]
79: [(131, 3), (4836, 2), (1464, 2), (201, 2), (1861, 1), (2470, 1), (615, 1), (4745, 1), (4677, 1), (556, 1)]
88: [(8742, 2), (1584, 2), (1107, 2), (612, 2), (101, 2), (1216, 2), (694, 2), (201, 2), (1226, 2), (739, 2)]
101: [(2300, 5), (276, 5), (612, 5), (950, 5), (201, 5), (131, 4), (296, 4), (413, 4), (3484, 4), (1107, 4)]
120: [(133, 2), (6086, 2)]
127: [(839, 5), (413, 5), (2148, 4), (720, 4), (1216, 4), (202, 4), (815, 4), (3129, 4), (450, 4), (466, 4)]
131: [(1107, 5), (597, 5), (1682, 5), (878, 5), (694, 5), (1226, 5), (739, 5), (1814, 5), (1948, 5), (1584, 4)]
133: [(2835, 4), (1682, 3), (1814, 3), (1948, 3), (425, 3), (694, 3), (1226, 3), (1107, 3), (597, 3), (739, 3)]
163: [(3484, 2), (1693, 2), (11583, 2), (842, 2), (2123, 2), (720, 2), (852, 2), (1245, 2), (224, 2), (2964, 2)]
169: [(1538, 2), (2179, 2), (3657, 2), (3649, 2), (5768, 2), (652, 2), (6031, 2), (784, 2), (687, 2), (3459, 2)]
193: [(450, 5), (422, 5), (215, 5), (250, 5), (251, 5), (2191, 4), (6136, 1)]
194: [(1538, 2), (2179, 2), (3077, 2), (3590, 2), (3649, 2), (5768, 2), (652, 2), (6031, 2), (784, 2), (6019, 2)]
197: [(2351, 5), (969, 1)]
201: [(276, 5), (950, 5), (2300, 5), (612, 5), (296, 4), (581, 4), (694, 4), (739, 4), (815, 4), (878, 4)]
202: [(2123, 7), (815, 7), (2148, 6), (413, 6), (720, 6), (839, 6), (3484, 6), (8325, 5), (253, 5), (289, 5)]
215: [(578, 5), (422, 5), (450, 5), (250, 5), (251, 5), (2191, 4)]
223: [(1216, 2), (1538, 2), (3590, 2), (1544, 2), (1673, 2), (3210, 2), (11285, 2), (687, 2), (3484, 2), (3108, 2)]
224: [(6278, 2), (1673, 2), (842, 2), (2123, 2), (720, 2), (3023, 1), (2235, 1)]
238: [(655, 2)]
246: [(1546, 2), (13325, 2), (11292, 2), (1571, 2), (11816, 2), (13357, 2), (6702, 2), (5681, 2), (2103, 2), (3649, 2)]
248: [(249, 5), (450, 5), (508, 5), (636, 3)]
249: [(450, 5), (508, 5), (636, 3)]
250: [(450, 5)]
251: [(450, 5)]
252: [(450, 5)]
253: [(11296, 5), (3129, 5), (3135, 5), (3136, 5), (450, 5), (466, 5), (1498, 5), (3048, 5), (7933, 5), (2191, 4)]
259: [(1216, 2), (261, 2), (11144, 2), (13424, 2), (1546, 2), (2955, 2), (5773, 2), (1550, 2), (2191, 2), (11282, 2)]
261: [(640, 2), (2179, 2), (8197, 2), (3590, 2), (11144, 2), (13424, 2), (2954, 2), (2955, 2), (11624, 2), (5773, 2)]
263: [(450, 5), (5751, 3)]
276: [(2123, 8), (1216, 8), (950, 7), (842, 6), (296, 6), (2300, 5), (612, 5), (1916, 5), (2148, 4), (739, 4)]
286: [(1451, 2)]
287: [(794, 2), (6057, 2), (6060, 2), (815, 2), (2123, 2), (3410, 2), (1508, 2), (11136, 1), (2148, 1), (11524, 1)]
289: [(2191, 5), (1216, 5), (717, 5), (720, 5), (815, 5), (852, 5), (1982, 5), (1535, 5), (3129, 4), (450, 4)]
291: [(832, 2), (2148, 2), (6469, 2), (3590, 2), (1544, 2), (2378, 2), (5933, 2), (815, 2), (3121, 2), (3698, 2)]
296: [(815, 8), (3484, 7), (413, 7), (1982, 6), (1584, 5), (950, 5), (842, 5), (2148, 5), (943, 4), (1264, 4)]
387: [(943, 3), (878, 2), (1814, 2), (815, 2), (1948, 2), (413, 2), (1319, 2), (1584, 2), (694, 2), (1978, 2)]
409: [(739, 3), (1814, 3), (425, 3), (1226, 3), (1682, 3), (878, 3), (2835, 3), (694, 3), (1948, 3), (2783, 3)]
413: [(1216, 10), (839, 8), (2148, 7), (1584, 6), (852, 6), (1511, 6), (3129, 5), (950, 5), (450, 5), (1948, 4)]
422: [(450, 5), (466, 5)]
425: [(1682, 5), (1814, 5), (1107, 5), (597, 5), (739, 5), (2835, 5), (652, 4), (1978, 4), (943, 4), (3484, 4)]
426: [(1682, 2), (1814, 2), (694, 2), (1216, 2), (1226, 2), (6604, 2), (1982, 2), (2300, 2), (1024, 1), (10816, 1)]
450: [(11296, 5), (3129, 5), (3135, 5), (3136, 5), (466, 5), (1498, 5), (3048, 5), (508, 5), (7933, 5), (3313, 5)]
466: [(11793, 5), (6294, 5), (13495, 5), (6046, 5), (11296, 5), (5928, 5), (11817, 5), (13358, 5), (3135, 5), (3136, 5)]
501: [(1696, 2)]
508: [(636, 3)]
515: [(3136, 5)]
532: [(3136, 5)]
555: [(1584, 2)]
573: [(1584, 2)]
581: [(943, 5), (8742, 4), (597, 4), (612, 4), (2835, 4), (694, 4), (1226, 4), (1216, 4), (1814, 4), (2783, 4)]
594: [(5958, 2), (3951, 1), (3719, 1), (1288, 1), (1289, 1), (1290, 1), (1291, 1), (1292, 1), (1293, 1), (1295, 1)]
597: [(2783, 5), (1682, 5), (694, 5), (1226, 5), (8742, 5), (2835, 5), (1814, 5), (878, 5), (3444, 5), (1948, 5)]
606: [(1536, 2), (1216, 2), (1538, 2), (11651, 2), (3590, 2), (1544, 2), (1673, 2), (3210, 2), (5933, 2), (687, 2)]
612: [(2300, 5), (950, 5), (1584, 4), (2123, 4), (1107, 4), (1982, 4), (652, 4), (1682, 4), (694, 4), (3484, 4)]
614: [(739, 3), (1814, 3), (1226, 3), (878, 3), (1682, 3), (1107, 3), (694, 3), (1948, 3), (1216, 2), (12934, 2)]
638: [(2148, 2), (1584, 1), (7814, 1)]
640: [(1216, 2), (1538, 2), (8197, 2), (3590, 2), (1544, 2), (3210, 2), (5933, 2), (11285, 2), (687, 2), (3233, 2)]
652: [(1216, 8), (815, 8), (2123, 8), (3484, 7), (842, 7), (6278, 5), (1584, 5), (1982, 5), (1682, 4), (2835, 4)]
655: [(656, 2), (7734, 1)]
660: [(1216, 5), (815, 5), (2123, 5), (3484, 4), (720, 4), (2148, 4), (6278, 3), (3018, 3), (1982, 3), (1544, 2)]
687: [(1538, 2), (8197, 2), (3078, 2), (1544, 2), (1546, 2), (1550, 2), (3088, 2), (11285, 2), (3104, 2), (1571, 2)]
694: [(1107, 5), (1814, 5), (1682, 5), (878, 5), (1226, 5), (739, 5), (1948, 5), (1584, 4), (2512, 4), (1216, 4)]
714: [(1216, 3), (815, 3), (2123, 3), (3333, 2), (3018, 2), (8209, 2), (3484, 2), (3613, 2), (3108, 2), (6185, 2)]
717: [(720, 5), (3129, 4), (1603, 1), (5926, 1), (3373, 1), (3154, 1), (11893, 1), (8025, 1), (3643, 1)]
720: [(2123, 8), (1216, 8), (815, 8), (1519, 8), (3484, 7), (2191, 6), (852, 6), (2964, 6), (1535, 6), (2179, 5)]
739: [(1107, 5), (1682, 5), (1226, 5), (2835, 5), (1814, 5), (2783, 5), (878, 5), (1948, 5), (943, 4), (1584, 4)]
779: [(930, 2)]
784: [(1216, 2), (1538, 2), (6019, 2), (3590, 2), (3649, 2), (1544, 2), (1673, 2), (3210, 2), (3088, 2), (6431, 2)]
794: [(8327, 5), (3336, 5), (8226, 5), (6057, 5), (6060, 5), (815, 5), (2126, 5), (3410, 5), (1506, 5), (1508, 5)]
801: [(3574, 2), (2961, 1), (3533, 1)]
815: [(2123, 14), (1216, 14), (3484, 12), (2148, 10), (839, 9), (1982, 9), (842, 8), (852, 8), (1535, 8), (1584, 7)]
820: [(8197, 2), (3590, 2), (1546, 2), (13325, 2), (1550, 2), (11282, 2), (11292, 2), (1571, 2), (11816, 2), (13357, 2)]
823: [(8226, 2), (2126, 2), (2123, 2), (3410, 2), (11608, 2), (6057, 2), (6060, 2), (11559, 1), (3414, 1), (8198, 1)]
832: [(2123, 4), (1216, 4), (3108, 3), (3121, 3), (2148, 3), (2179, 3), (1673, 3), (1245, 3), (2378, 3), (842, 3)]
839: [(1216, 9), (2148, 7), (1982, 6), (1511, 6), (1584, 5), (842, 4), (8048, 3), (950, 3), (11472, 3), (943, 2)]
842: [(2123, 8), (1216, 8), (3484, 7), (6278, 5), (950, 5), (1982, 5), (2032, 5), (1978, 4), (2783, 4), (1682, 4)]
844: [(1216, 2), (6278, 2), (2123, 2), (852, 2), (6393, 2), (3520, 1), (3023, 1), (2992, 1), (1982, 1)]
848: [(6057, 2), (6060, 2), (2123, 2), (2126, 2), (3410, 2), (6276, 1), (8461, 1), (6286, 1), (11536, 1), (13457, 1)]
852: [(2123, 8), (1216, 8), (3484, 8), (2148, 7), (1982, 7), (1584, 5), (1544, 4), (3136, 4), (3018, 4), (1498, 4)]
859: [(1538, 2), (3590, 2), (1544, 2), (1673, 2), (3210, 2), (3484, 2), (3108, 2), (2219, 2), (8370, 2), (1591, 2)]
863: [(2179, 2), (8197, 2), (3590, 2), (13424, 2), (1546, 2), (2955, 2), (5773, 2), (1550, 2), (2191, 2), (3216, 2)]
872: [(1216, 2), (3561, 2), (5852, 2), (6469, 2), (1544, 2), (1673, 2), (3018, 2), (2123, 2), (5933, 2), (3698, 2)]
878: [(1107, 5), (1682, 5), (1226, 5), (2783, 5), (2835, 5), (1814, 5), (1948, 5), (943, 4), (1584, 4), (1978, 4)]
930: [(1814, 3), (1682, 3), (2835, 3), (1948, 3), (1450, 3), (1226, 3), (2783, 3), (3484, 2), (943, 2), (1216, 2)]
943: [(3484, 4), (1584, 4), (950, 4), (1122, 4), (1107, 4), (2783, 4), (1814, 4), (1682, 4), (1982, 4), (1216, 4)]
948: [(1814, 3), (5518, 2), (1952, 2), (1200, 2), (1978, 2), (1982, 2), (1216, 2), (5536, 2), (2123, 2), (4433, 2)]
950: [(1216, 6), (2300, 5), (2783, 4), (1107, 4), (1122, 4), (1226, 4), (1814, 4), (1264, 4), (1450, 4), (1584, 4)]
1035: [(1226, 3), (2783, 3), (1264, 3), (1814, 3), (3444, 3), (2512, 3), (2123, 2), (5208, 2), (4202, 2), (1216, 2)]
1037: [(1584, 2)]
1104: [(1584, 2)]
1105: [(1216, 2), (6469, 2), (1544, 2), (3210, 2), (2123, 2), (5933, 2), (3121, 2), (3698, 2), (3484, 2), (1584, 1)]
1107: [(8742, 5), (1226, 5), (3484, 4), (1216, 4), (1982, 4), (2300, 4), (5536, 3), (6560, 3), (1200, 3), (4433, 3)]
1122: [(1682, 4), (1584, 4), (1978, 4), (1982, 4), (1216, 4), (2123, 4), (2783, 4), (1264, 4), (1731, 2), (5208, 2)]
1123: [(1216, 2)]
1132: [(1450, 3), (2783, 3), (1216, 2), (2025, 2), (2123, 2), (1982, 2)]
1143: [(1226, 3), (1682, 3), (1948, 3), (1216, 2), (1467, 2), (1982, 2), (1584, 2), (2300, 2), (6782, 2), (1281, 1)]
1167: [(2835, 2)]
1179: [(2300, 3), (1216, 2), (2783, 2), (1264, 2), (2835, 2), (1814, 2), (1682, 2), (1948, 2), (3484, 2), (1982, 2)]
1182: [(1682, 3), (2835, 3), (1216, 2), (4202, 2), (5208, 2), (2300, 2), (1982, 2), (2278, 1), (4752, 1)]
1200: [(1226, 3), (1682, 3), (2835, 3), (3444, 3), (1814, 3), (1948, 3), (1450, 3), (1216, 2), (2025, 2), (2123, 2)]
1216: [(2123, 14), (3484, 12), (2148, 10), (1982, 9), (6278, 8), (1535, 8), (1584, 7), (1511, 7), (2179, 6), (2191, 6)]
1226: [(1682, 5), (2835, 5), (1814, 5), (1948, 5), (8742, 5), (1450, 5), (2783, 5), (1584, 4), (1978, 4), (3484, 4)]
1245: [(2123, 4), (3108, 3), (2148, 3), (6278, 3), (3121, 3), (3484, 3), (1538, 2), (8197, 2), (3590, 2), (1544, 2)]
1264: [(2512, 5), (1682, 4), (2835, 4), (2783, 4), (3444, 4), (1982, 4), (4433, 2), (1693, 2), (1696, 2), (1714, 2)]
1319: [(1682, 2), (1814, 2), (1948, 2), (3484, 2), (9651, 2), (2783, 2), (1982, 2), (2123, 2), (9428, 2), (2835, 2)]
1352: [(1978, 3), (2512, 2), (3840, 1), (9473, 1), (1731, 1), (9927, 1), (3720, 1), (4393, 1), (3851, 1), (3821, 1)]
1436: [(2123, 2), (1982, 2), (1450, 2), (13558, 1), (2818, 1), (7171, 1), (7557, 1), (7174, 1), (8716, 1), (4878, 1)]
1443: [(11068, 2)]
1450: [(8742, 5), (1814, 5), (1948, 5), (2783, 5), (2300, 4), (2123, 4), (1982, 4), (1952, 3), (5518, 3), (1906, 3)]
1463: [(2123, 4), (6278, 3), (1982, 3), (8197, 2), (1544, 2), (1673, 2), (3210, 2), (2835, 2), (11285, 2), (1814, 2)]
1464: [(2300, 2)]
1467: [(1682, 3), (1814, 3), (1948, 3), (2783, 3), (2025, 2), (2123, 2), (1584, 2), (9951, 2), (5667, 1), (10021, 1)]
1492: [(6404, 2), (11802, 2), (10908, 2), (1538, 1), (13362, 1), (3590, 1), (1544, 1), (2827, 1), (10178, 1), (7917, 1)]
1497: [(3522, 2)]
1498: [(6042, 5), (11296, 5), (5928, 5), (3129, 5), (3135, 5), (3136, 5), (3048, 5), (7933, 5), (2191, 4), (3484, 4)]
1501: [(1536, 2), (1538, 2), (3590, 2), (1544, 2), (1673, 2), (3210, 2), (5933, 2), (3018, 2), (2071, 2), (3108, 2)]
1503: [(1538, 2), (6019, 2), (6031, 2), (8197, 2), (5895, 2), (1544, 2), (1673, 2), (3210, 2), (5933, 2), (3088, 2)]
1505: [(3604, 3), (6057, 3), (6060, 3), (2126, 3), (3410, 3), (1506, 3), (1508, 3), (7940, 2), (6162, 2), (6041, 2)]
1506: [(7937, 5), (8063, 5), (1508, 5), (1509, 5), (6057, 5), (2126, 5), (3410, 5), (1560, 5), (6060, 5), (2123, 4)]
1507: [(6041, 2)]
1508: [(6057, 5), (6060, 5), (2126, 5), (3410, 5), (2123, 4), (8313, 3), (3289, 2)]
1509: [(8313, 3)]
1510: [(2989, 2), (3250, 2), (3484, 2), (1693, 2), (1642, 1), (1982, 1)]
1511: [(3484, 7), (2123, 7), (1982, 6), (1584, 5), (3136, 4), (3048, 4), (1544, 3), (3018, 3), (8742, 2), (1682, 2)]
1519: [(3108, 4), (1673, 4), (6469, 2), (5895, 2), (3210, 2), (1645, 2), (3698, 2), (1642, 1)]
1520: [(7808, 2), (6278, 2), (1673, 2), (3018, 2), (3383, 2), (6393, 2), (6460, 2), (3484, 2), (3428, 1), (3301, 1)]
1521: [(11364, 2), (3078, 2), (3210, 2), (1645, 2), (5933, 2), (6142, 2)]
1522: [(2123, 4), (3484, 4), (1584, 3), (1982, 3), (3233, 2), (6181, 2), (3590, 2), (1544, 2), (1577, 2), (3018, 2)]
1525: [(3233, 2), (11203, 2), (8197, 2), (3649, 2), (6120, 2), (2989, 2), (2123, 2), (8524, 2), (1645, 2), (3055, 2)]
1527: [(3233, 2), (2123, 2), (8197, 2), (3590, 2), (3649, 2), (6120, 2), (2989, 2), (2155, 2), (8524, 2), (1645, 2)]
1535: [(2123, 8), (1982, 7), (2148, 7), (1544, 4), (3590, 2), (1673, 2), (3210, 2), (3088, 2), (3108, 2), (5933, 2)]
1538: [(3590, 2), (1544, 2), (1546, 2), (1550, 2), (3088, 2), (11285, 2), (1571, 2), (3108, 2), (6181, 2), (1577, 2)]
1539: [(3108, 2), (6469, 2), (3590, 2), (1544, 2), (1673, 2), (2378, 2), (2159, 2), (3121, 2), (3698, 2), (5852, 2)]
1543: [(7808, 2), (6278, 2), (3018, 2), (6460, 2), (3301, 1), (1982, 1)]
1544: [(2148, 4), (6702, 4), (2123, 4), (2191, 4), (2964, 4), (3484, 4), (2179, 3), (1982, 3), (3018, 3), (3590, 2)]
1546: [(8197, 2), (3590, 2), (11144, 2), (3210, 2), (2989, 2), (11285, 2), (3233, 2), (3108, 2), (11612, 2), (2219, 2)]
1550: [(8197, 2), (3590, 2), (11144, 2), (1673, 2), (3210, 2), (2989, 2), (3484, 2), (6469, 2), (3233, 2), (3108, 2)]
1562: [(11296, 2), (3484, 2), (2123, 2), (7933, 2), (2081, 1), (7926, 1), (3137, 1), (1618, 1), (3230, 1), (1581, 1)]
1571: [(6019, 2), (6031, 2), (8197, 2), (3590, 2), (5895, 2), (5768, 2), (1673, 2), (3210, 2), (5933, 2), (3088, 2)]
1577: [(2219, 2), (3108, 2), (6469, 2), (3561, 2), (3210, 2), (2123, 2), (5933, 2), (3121, 2), (11285, 2), (1591, 2)]
1582: [(3676, 2), (1584, 1), (2193, 1), (3403, 1)]
1584: [(1982, 6), (1978, 5), (2148, 5), (1948, 4), (2300, 4), (2512, 4), (2964, 3), (5958, 3), (11776, 2), (2188, 2)]
1585: [(2126, 3), (8136, 1)]
1591: [(3590, 2), (1806, 2), (2964, 2), (11285, 2), (1693, 2), (6181, 2), (8493, 2), (3121, 2), (2121, 2), (3005, 2)]
1599: [(6041, 2)]
1603: [(6019, 2), (3590, 2), (5895, 2), (1673, 2), (3088, 2), (2095, 2), (6457, 2), (3649, 2), (3018, 2), (2123, 2)]
1609: [(3108, 2), (2378, 2), (2123, 2), (5933, 2), (3121, 2), (3698, 2), (2148, 2), (3484, 2), (3210, 2), (8576, 1)]
1610: [(3108, 2), (6469, 2), (3590, 2), (1673, 2), (3210, 2), (2123, 2), (5933, 2), (3121, 2), (5852, 2), (1642, 1)]
1614: [(2219, 2), (3108, 2), (6469, 2), (1673, 2), (3018, 2), (2123, 2), (5933, 2), (3121, 2), (11285, 2), (3561, 2)]
1617: [(3484, 2), (1642, 1)]
1625: [(3108, 2), (6469, 2), (3590, 2), (1673, 2), (3018, 2), (2123, 2), (5933, 2), (3121, 2), (3698, 2), (8118, 2)]
1632: [(3233, 2), (3649, 2), (6120, 2), (2989, 2), (2123, 2), (1645, 2), (3055, 2), (11144, 2), (3250, 2), (3698, 2)]
1645: [(8197, 2), (3078, 2), (13325, 2), (3088, 2), (11282, 2), (11695, 2), (3104, 2), (3590, 2), (11816, 2), (5676, 2)]
1652: [(3108, 2), (6469, 2), (3590, 2), (1673, 2), (3018, 2), (2123, 2), (5933, 2), (3121, 2), (3698, 2), (6198, 2)]
1653: [(2179, 2), (3657, 2), (3649, 2), (5768, 2), (1673, 2), (2191, 2), (3216, 2), (3459, 2), (2964, 2), (3630, 2)]
1658: [(2219, 2), (3108, 2), (6469, 2), (3590, 2), (1673, 2), (3018, 2), (2123, 2), (5933, 2), (3121, 2), (3698, 2)]
1659: [(3233, 2), (8197, 2), (3649, 2), (6120, 2), (2123, 2), (8524, 2), (2989, 2), (3055, 2), (5681, 2), (3250, 2)]
1673: [(2123, 4), (3108, 3), (3121, 3), (2179, 3), (6278, 3), (2378, 3), (3459, 3), (2032, 3), (3078, 2), (3088, 2)]
1682: [(8742, 5), (2783, 5), (1814, 5), (1948, 5), (2123, 4), (1982, 4), (3665, 3), (5208, 3), (10338, 3), (4202, 3)]
1693: [(3484, 4), (2123, 4), (1982, 3), (2148, 3), (6019, 2), (6031, 2), (8197, 2), (3590, 2), (5895, 2), (5768, 2)]
1696: [(12288, 2), (4877, 2), (1814, 2), (10266, 2), (1948, 2), (5665, 2), (7202, 2), (12072, 2), (9771, 2), (5170, 2)]
1714: [(2300, 3), (1814, 2), (3484, 2), (1948, 2), (9131, 1), (8965, 1), (7431, 1), (4746, 1), (12688, 1), (7060, 1)]
1731: [(1814, 3), (1948, 3), (2300, 2), (5208, 2), (1982, 2), (2089, 1), (2090, 1)]
1753: [(2722, 2), (2300, 1)]
1806: [(2148, 2), (3590, 2), (3210, 2), (11542, 2), (2200, 2), (3484, 2), (3108, 2), (2219, 2), (11820, 2), (5933, 2)]
1813: [(2453, 2), (2835, 1)]
1814: [(2835, 5), (1948, 5), (8742, 5), (2783, 5), (3484, 4), (1982, 4), (2123, 4), (2512, 4), (4433, 3), (1952, 3)]
1864: [(2835, 2)]
1881: [(2835, 3), (1948, 3), (2783, 3), (3484, 2), (2123, 2), (2025, 2), (4202, 2), (1982, 2), (2300, 2), (9985, 1)]
1906: [(8742, 3), (7618, 2), (9095, 2), (2123, 2), (5108, 2), (4891, 2), (2300, 2), (5633, 1), (7619, 1), (9770, 1)]
1907: [(2064, 3), (2835, 3), (1948, 3), (2783, 3), (7293, 3), (2123, 2), (12951, 2), (10651, 2), (13131, 2), (4522, 2)]
1916: [(1982, 2), (2783, 2), (1948, 2), (5632, 1), (7680, 1), (10411, 1), (2052, 1), (4614, 1), (5548, 1), (2058, 1)]
1928: [(6627, 2), (13068, 2)]
1948: [(8742, 5), (2783, 5), (2835, 5), (2123, 4), (2300, 4), (3484, 4), (1978, 4), (1982, 4), (2512, 4), (3665, 3)]
1952: [(2835, 3), (2783, 3), (4202, 2), (2123, 2), (2512, 2), (5208, 2), (2392, 2), (2300, 2), (1982, 2), (5353, 1)]
1959: [(3519, 2)]
1978: [(2300, 4), (1982, 4), (2148, 2), (4433, 2), (5536, 2), (3586, 1), (9219, 1), (4104, 1), (2573, 1), (12302, 1)]
1982: [(2123, 9), (3484, 9), (2148, 7), (6278, 5), (2191, 5), (6702, 5), (2964, 5), (7933, 4), (8742, 4), (3129, 4)]
1994: [(2895, 2)]
2025: [(8742, 3), (6891, 2), (5518, 2), (5391, 2), (2123, 2), (5536, 2), (2357, 2), (6516, 2), (10060, 2), (3665, 2)]
2032: [(2123, 6), (3484, 5), (3108, 3), (3121, 3), (8197, 2), (3078, 2), (11144, 2), (3210, 2), (5933, 2), (2835, 2)]
2064: [(12884, 5), (12986, 5), (12396, 5), (7734, 1)]
2071: [(3078, 2), (3590, 2), (3121, 2), (6142, 2), (11779, 1), (13517, 1)]
2074: [(3649, 2), (6019, 2), (3018, 2), (2127, 2), (3442, 2), (2095, 2), (5982, 1)]
2087: [(3590, 2), (6278, 2), (3484, 2), (3018, 2), (6460, 2), (3428, 1)]
2095: [(2179, 2), (3649, 2), (5768, 2), (6031, 2), (3216, 2), (6019, 2), (3351, 2), (6431, 2), (6437, 2), (5895, 2)]
2103: [(3590, 2), (5768, 2), (3088, 2), (3233, 2), (6437, 2), (2989, 2), (11144, 2), (6457, 2), (2378, 2), (3649, 2)]
2115: [(3136, 3), (11296, 3), (7933, 3), (3135, 3), (2123, 2), (8540, 2)]
2121: [(5803, 2), (6031, 2), (8197, 2), (3078, 2), (5895, 2), (5768, 2), (3210, 2), (5933, 2), (3088, 2), (6019, 2)]
2123: [(3484, 12), (2148, 10), (6278, 8), (2179, 6), (2191, 6), (6702, 6), (2964, 6), (11296, 4), (3108, 4), (3121, 4)]
2126: [(6060, 5), (3132, 5), (11200, 5), (3410, 5), (6057, 5), (3574, 4), (6041, 3), (8366, 3), (8285, 3), (3044, 3)]
2127: [(2179, 2), (3590, 2), (2955, 2), (2191, 2), (3088, 2), (3459, 2), (2964, 2), (3351, 2), (6431, 2), (6702, 2)]
2136: [(3121, 2), (3250, 2), (3108, 2)]
2147: [(7808, 2), (3484, 2), (3018, 2), (6460, 2), (3301, 1), (3211, 1), (3337, 1)]
2148: [(3484, 9), (2191, 6), (2964, 6), (2179, 5), (3018, 5), (3136, 4), (3121, 3), (3204, 2), (5933, 2), (3590, 2)]
2155: [(3078, 2), (11787, 2), (11542, 2), (7841, 2), (8098, 2), (8489, 2), (5676, 2), (11695, 2), (3121, 2), (8370, 2)]
2159: [(6019, 2), (8197, 2), (3590, 2), (5895, 2), (5768, 2), (3210, 2), (5933, 2), (3088, 2), (3484, 2), (3233, 2)]
2163: [(3108, 2), (6469, 2), (3561, 2), (3210, 2), (2219, 2), (5933, 2), (3121, 2), (3698, 2), (11285, 2), (5852, 2)]
2179: [(3484, 5), (6278, 4), (3018, 4), (3108, 3), (3121, 3), (6019, 2), (5933, 2), (3590, 2), (5895, 2), (11144, 2)]
2183: [(3210, 2), (11364, 2), (5933, 2)]
2191: [(3484, 6), (6702, 6), (11296, 4), (6278, 4), (3136, 4), (3018, 4), (3135, 4), (7933, 4), (6019, 2), (8197, 2)]
2200: [(3427, 2), (3108, 2), (3590, 2), (3078, 2), (3484, 2), (3210, 2), (3308, 2), (3117, 2), (5933, 2), (3121, 2)]
2201: [(3698, 2), (3590, 2), (5714, 1)]
2205: [(3698, 2), (5714, 1), (2965, 1)]
2219: [(3233, 2), (11233, 2), (3236, 2), (6097, 2), (3561, 2), (3210, 2), (5933, 2), (3696, 2), (3121, 2), (2870, 2)]
2220: [(3136, 3), (11296, 3), (3129, 3), (7933, 3), (3135, 3), (3484, 2)]
2241: [(3649, 2), (3590, 2), (3698, 2), (3151, 2), (3088, 2), (3442, 2), (6457, 2), (6031, 2), (5913, 1)]
2257: [(2835, 3), (3444, 3), (2783, 3), (4202, 2), (3665, 2), (5208, 2), (2339, 1), (9781, 1), (4628, 1), (6684, 1)]
2285: [(2300, 3), (4994, 2), (7395, 2), (12359, 2), (5008, 2), (7553, 1), (8868, 1), (9735, 1), (10727, 1), (5650, 1)]
2300: [(12359, 3), (4752, 3), (4994, 3), (5149, 3), (5612, 3), (5536, 2), (4891, 2), (2375, 2), (10243, 1), (8729, 1)]
2351: [(12884, 5), (12396, 5), (12986, 5), (7293, 5), (6516, 3)]
2357: [(2783, 3), (3484, 2), (5208, 2), (4202, 2), (5120, 1), (12928, 1), (5250, 1), (8875, 1), (12167, 1), (10248, 1)]
2375: [(2835, 2), (2783, 2)]
2378: [(3459, 3), (3484, 3), (3121, 3), (3018, 3), (3590, 2), (6019, 2), (3233, 2), (8098, 2), (3036, 2), (6060, 2)]
2391: [(5391, 2), (5603, 1)]
2392: [(2777, 2), (2841, 1)]
2402: [(4433, 2)]
2453: [(12752, 2), (7699, 2)]
2494: [(5391, 2)]
2512: [(3484, 4), (2563, 1), (9558, 1), (4235, 1), (2828, 1), (4397, 1), (4118, 1), (3908, 1), (3995, 1), (9504, 1)]
2718: [(2856, 2)]
2722: [(4523, 2)]
2765: [(2835, 2)]
2783: [(2835, 5), (8742, 5), (5518, 3), (5391, 3), (4433, 3), (6998, 3), (5208, 3), (3665, 3), (4202, 3), (5536, 3)]
2816: [(7672, 2), (7569, 2)]
2835: [(3444, 6), (8742, 5), (3484, 4), (3665, 4), (5518, 3), (5391, 3), (5108, 3), (6782, 3), (5633, 2), (13186, 2)]
2836: [(3665, 2), (3444, 2), (12510, 2), (6897, 2), (6782, 1)]
2856: [(4523, 2), (7718, 2)]
2870: [(6469, 2), (3590, 2), (3561, 2), (3210, 2), (5933, 2), (3698, 2), (11285, 2), (6198, 2), (3484, 2), (5852, 2)]
2895: [(6562, 2), (9708, 2), (12654, 2), (10240, 1), (4926, 1)]
2942: [(3649, 2), (3698, 2), (3118, 2), (3151, 2), (3088, 2), (3442, 2), (6457, 2), (8062, 2), (6114, 1), (3588, 1)]
2954: [(3233, 2), (8197, 2), (3590, 2), (6120, 2), (3698, 2), (6702, 2), (2989, 2), (3250, 2), (3484, 2)]
2955: [(6019, 2), (8197, 2), (3078, 2), (5895, 2), (5768, 2), (3210, 2), (5933, 2), (3088, 2), (3484, 2), (3233, 2)]
2964: [(3484, 6), (3136, 4), (7933, 4), (6278, 4), (11296, 4), (3135, 4), (3018, 4), (3587, 2), (8197, 2), (3590, 2)]
2988: [(6241, 2), (3108, 2), (6469, 2), (7841, 2), (3210, 2), (5803, 2), (5933, 2), (11364, 2), (6268, 1)]
2989: [(8197, 2), (11144, 2), (5899, 2), (11624, 2), (5773, 2), (13357, 2), (3347, 2), (6702, 2), (6127, 2), (3484, 2)]
3005: [(3108, 2), (6469, 2), (3590, 2), (8370, 2), (3561, 2), (3018, 2), (5933, 2), (3121, 2), (3698, 2), (11285, 2)]
3006: [(3698, 2), (3590, 2), (5714, 1)]
3018: [(3484, 5), (3121, 3), (3590, 2), (3104, 2), (8098, 2), (3036, 2), (5933, 2), (8496, 2), (6198, 2), (3383, 2)]
3036: [(3649, 2), (6019, 2), (3077, 2), (3590, 2), (5895, 2), (3342, 2), (3151, 2), (3088, 2), (3698, 2), (3118, 2)]
3044: [(6057, 3), (3410, 3), (6060, 3), (11174, 2)]
3045: [(3427, 2), (11364, 2), (3078, 2), (3210, 2), (5933, 2), (11542, 2)]
3048: [(3136, 5), (11296, 5), (8372, 5), (3129, 5), (7933, 5), (3135, 5), (3484, 4), (6150, 3)]
3053: [(3136, 3), (11296, 3), (3129, 3), (7933, 3), (3135, 3), (6255, 2)]
3055: [(8197, 2), (11144, 2), (5899, 2), (11624, 2), (5773, 2), (13357, 2), (3216, 2), (11282, 2), (3347, 2), (7834, 2)]
3068: [(3590, 2)]
3077: [(6019, 2), (5895, 2), (6152, 1), (3186, 1), (11197, 1)]
3078: [(11542, 2), (3590, 2), (3210, 2), (11787, 2), (3117, 2), (3478, 2), (3228, 2), (3104, 2), (7841, 2), (8098, 2)]
3088: [(3459, 2), (3590, 2), (5895, 2), (5768, 2), (6031, 2), (3216, 2), (6019, 2), (6702, 2), (3351, 2), (6431, 2)]
3104: [(3427, 2), (11364, 2), (3210, 2), (5933, 2), (3121, 2), (11542, 2), (8567, 2), (6142, 2)]
3108: [(3484, 3), (3121, 3), (6059, 2), (3204, 2), (3590, 2), (3207, 2), (3210, 2), (3469, 2), (6702, 2), (3352, 2)]
3113: [(3129, 3)]
3117: [(3427, 2), (11364, 2), (3210, 2), (5933, 2), (11542, 2), (3228, 2), (6142, 2)]
3118: [(3459, 2), (5895, 2), (5768, 2), (6031, 2), (3216, 2), (6019, 2), (6437, 2), (3503, 2), (3517, 2), (3649, 2)]
3121: [(3204, 2), (3590, 2), (3210, 2), (3469, 2), (8493, 2), (3216, 2), (3352, 2), (6702, 2), (11542, 2), (3480, 2)]
3129: [(6046, 5), (11296, 5), (13358, 5), (3135, 5), (3136, 5), (7933, 5), (3484, 4), (5888, 3), (6150, 3), (13405, 3)]
3135: [(11296, 5), (3136, 5), (7933, 5), (6702, 4), (5888, 3), (5921, 3), (11437, 3), (6453, 3), (3639, 3), (5945, 3)]
3136: [(8595, 5), (6042, 5), (13495, 5), (11296, 5), (8228, 5), (11827, 5), (8153, 5), (3565, 5), (7933, 5), (3484, 4)]
3150: [(6241, 2), (8098, 2), (3427, 2), (11364, 2), (11542, 2), (11433, 2), (5676, 2), (5933, 2), (11695, 2), (3696, 2)]
3151: [(3459, 2), (3590, 2), (5895, 2), (5768, 2), (6031, 2), (3216, 2), (6019, 2), (3351, 2), (6431, 2), (6437, 2)]
3154: [(6019, 2), (3590, 2), (5768, 2), (3210, 2), (6031, 2), (3484, 2), (6437, 2), (5933, 2), (6198, 2), (6457, 2)]
3162: [(3250, 2)]
3193: [(3519, 2)]
3204: [(6469, 2), (3590, 2), (3561, 2), (3210, 2), (5933, 2), (6198, 2), (5852, 2)]
3207: [(7841, 2), (11364, 2), (6469, 2), (6241, 2), (3210, 2), (5803, 2), (5933, 2), (6268, 1)]
3210: [(6059, 2), (11542, 2), (3590, 2), (3308, 2), (3469, 2), (7917, 2), (3216, 2), (3352, 2), (3478, 2), (11481, 2)]
3216: [(6019, 2), (3590, 2), (5895, 2), (5768, 2), (3233, 2), (6437, 2), (5933, 2), (11144, 2), (6457, 2), (11327, 2)]
3228: [(3427, 2), (3236, 2), (3590, 2), (3532, 2), (3308, 2), (5933, 2), (3310, 2), (3506, 2), (11542, 2), (11364, 2)]
3233: [(8197, 2), (3590, 2), (5899, 2), (11624, 2), (5773, 2), (13357, 2), (11282, 2), (3347, 2), (6702, 2), (7834, 2)]
3236: [(7808, 2), (8197, 2), (6278, 2), (11144, 2), (11285, 2), (11542, 2), (3484, 2), (7841, 2), (3590, 2), (5803, 2)]
3249: [(3561, 2), (3698, 2), (5933, 2), (6469, 2)]
3250: [(8197, 2), (3590, 2), (11144, 2), (5899, 2), (5773, 2), (13357, 2), (3347, 2), (3484, 2), (6431, 2), (11202, 2)]
3261: [(3427, 2), (11364, 2), (5933, 2)]
3281: [(3649, 2), (6437, 2), (3590, 2), (5895, 2), (3698, 2), (6031, 2), (3442, 2), (3351, 2), (6457, 2), (5975, 1)]
3282: [(3698, 2), (3590, 2)]
3284: [(3590, 2), (6049, 1)]
3286: [(3649, 2), (3590, 2)]
3304: [(8328, 2)]
3305: [(8328, 2), (8106, 2), (6377, 1), (6142, 1)]
3308: [(3427, 2), (11364, 2), (5933, 2), (6142, 2)]
3310: [(3427, 2), (11364, 2), (5933, 2), (11542, 2)]
3313: [(8367, 3)]
3325: [(6057, 2), (8192, 1), (7810, 1), (6019, 1), (8197, 1), (5895, 1), (5768, 1), (6031, 1), (6293, 1), (11172, 1)]
3326: [(3649, 2), (6019, 2), (5852, 2), (6469, 2), (3590, 2), (5768, 2), (3561, 2), (8524, 2), (5933, 2), (6031, 2)]
3342: [(3649, 2)]
3347: [(3649, 2), (11203, 2), (8197, 2), (3590, 2), (6120, 2), (8524, 2), (11144, 2), (3698, 2), (6198, 2), (3484, 2)]
3351: [(3649, 2), (6019, 2), (6437, 2), (3590, 2), (5895, 2), (5768, 2), (3698, 2), (6031, 2), (3442, 2), (6457, 2)]
3352: [(6469, 2), (3590, 2), (3561, 2), (5933, 2), (3698, 2), (11285, 2), (5852, 2), (6413, 1), (8009, 1), (11704, 1)]
3383: [(7808, 2), (3698, 2), (6460, 2), (3428, 1)]
3384: [(6469, 2), (3561, 2), (5933, 2), (3698, 2), (6198, 2), (3484, 2), (5852, 2), (6391, 1), (8573, 1)]
3409: [(6469, 2), (3561, 2), (3530, 2), (5933, 2), (3698, 2), (11285, 2), (5852, 2), (6423, 1), (5956, 1), (6060, 1)]
3410: [(6057, 5), (6060, 5), (3574, 4), (6162, 3), (6041, 3), (8366, 3), (8285, 3), (8123, 2), (6133, 2), (5893, 1)]
3427: [(5857, 2), (8098, 2), (11364, 2), (11542, 2), (6241, 2), (5676, 2), (5837, 2), (5933, 2), (3506, 2), (11578, 2)]
3429: [(3649, 2), (3698, 2), (3484, 2), (7923, 1), (8220, 1)]
3432: [(7841, 2), (3590, 2), (8567, 2)]
3436: [(6469, 2), (3590, 2), (3561, 2), (5933, 2), (3698, 2), (6198, 2), (11481, 2), (5852, 2), (11439, 1)]
3442: [(3459, 2), (5895, 2), (5768, 2), (6031, 2), (6019, 2), (6431, 2), (6437, 2), (3503, 2), (5686, 2), (6457, 2)]
3444: [(8742, 5), (3665, 4), (5391, 3), (6782, 3), (5569, 2), (3522, 2), (11813, 2), (5633, 2), (8482, 2), (7672, 2)]
3452: [(6241, 2), (11364, 2), (11542, 2), (5933, 2), (3478, 2), (8567, 2), (11481, 2), (11844, 1)]
3453: [(6120, 2), (3698, 2), (3484, 2)]
3459: [(3649, 2), (6019, 2), (6437, 2), (5895, 2), (5768, 2), (6345, 2), (6031, 2), (3698, 2), (6457, 2), (8062, 2)]
3469: [(6469, 2), (3561, 2), (5933, 2), (3698, 2), (11285, 2), (6198, 2), (5852, 2)]
3478: [(11481, 2), (11364, 2), (5933, 2), (8567, 2)]
3480: [(3561, 2), (5852, 2), (5933, 2), (3590, 2), (6469, 2)]
3482: [(5852, 2)]
3484: [(6702, 6), (8742, 4), (4543, 4), (7933, 4), (6019, 2), (8197, 2), (3590, 2), (6409, 2), (13325, 2), (5518, 2)]
3493: [(3561, 2), (5933, 2), (6469, 2)]
3503: [(3649, 2), (6019, 2), (6437, 2), (5895, 2), (5768, 2), (6031, 2), (6457, 2), (6152, 1)]
3506: [(11364, 2), (5933, 2)]
3512: [(5933, 2), (6198, 2), (6469, 2), (5982, 1)]
3514: [(3649, 2), (11203, 2), (8197, 2), (6120, 2), (8524, 2), (5681, 2), (3698, 2), (6457, 2), (11144, 2)]
3517: [(3649, 2), (6019, 2), (6437, 2), (3590, 2), (5895, 2), (5768, 2), (6031, 2), (6457, 2), (8062, 2), (6242, 1)]
3519: [(8052, 2), (3912, 1), (9330, 1), (3925, 1)]
3522: [(3664, 2), (3665, 2), (6782, 1)]
3531: [(7808, 2), (6278, 2), (7795, 2), (6393, 2), (6460, 2), (11434, 1), (7835, 1)]
3533: [(3574, 2)]
3544: [(11296, 3), (11793, 3), (11827, 3), (7933, 3), (13466, 2)]
3558: [(3649, 2), (11203, 2), (8197, 2), (6120, 2), (11144, 2), (3698, 2), (11095, 2), (5757, 2)]
3561: [(3590, 2), (6431, 2), (8098, 2), (6181, 2), (5933, 2), (6702, 2), (11578, 2), (7995, 2), (4543, 2), (6469, 2)]
3571: [(3649, 2), (8197, 2), (3590, 2), (6120, 2), (8524, 2), (11144, 2), (3698, 2), (5714, 1), (6102, 1)]
3574: [(11552, 4), (6057, 4), (6060, 4), (8536, 4), (8128, 2), (13472, 2), (11111, 2), (8267, 2), (11485, 2), (6252, 2)]
3590: [(8197, 2), (13325, 2), (6181, 2), (5676, 2), (6702, 2), (5681, 2), (6198, 2), (8249, 2), (3649, 2), (3650, 2)]
3604: [(6041, 3)]
3630: [(3698, 2), (8524, 2), (6469, 2), (6278, 2)]
3639: [(11296, 3), (7933, 3), (8105, 2), (11114, 2), (11824, 2), (8243, 2), (6275, 1), (8371, 1), (6056, 1), (8277, 1)]
3649: [(6019, 2), (5895, 2), (5768, 2), (5773, 2), (6031, 2), (11282, 2), (11203, 2), (7834, 2), (11464, 2), (6431, 2)]
3650: [(6120, 2), (3698, 2), (8197, 2)]
3656: [(11203, 2), (8197, 2), (6120, 2), (8524, 2), (5681, 2), (3698, 2), (6198, 2), (11327, 2)]
3657: [(6019, 2), (6437, 2), (5768, 2), (6031, 2), (6457, 2), (8592, 1), (6184, 1), (8089, 1)]
3660: [(6120, 2), (11144, 2), (3698, 2), (8524, 2), (6198, 2)]
3665: [(5569, 2), (8482, 2), (7672, 2), (5633, 2), (4202, 2), (5391, 2), (6897, 2), (6782, 2), (5208, 2), (4574, 2)]
3694: [(6019, 2), (6437, 2), (5895, 2), (5768, 2), (6031, 2), (3698, 2), (6457, 2), (6152, 1)]
3696: [(6241, 2), (11542, 2), (11203, 2), (11364, 2), (6469, 2), (7841, 2), (6120, 2), (11820, 2), (8524, 2), (5933, 2)]
3698: [(8197, 2), (6278, 2), (11144, 2), (5899, 2), (5773, 2), (13357, 2), (7834, 2), (11292, 2), (6469, 2), (11624, 2)]
3704: [(8197, 2), (6120, 2), (8524, 2), (5681, 2), (11144, 2), (11327, 2)]
3709: [(6019, 2), (6437, 2), (5895, 2), (5768, 2), (6031, 2), (6457, 2), (5856, 1), (8592, 1), (5926, 1), (11880, 1)]
4202: [(8742, 3), (5536, 2), (5518, 2), (5391, 2), (4433, 2), (5208, 2), (9459, 1), (9256, 1), (9515, 1), (5549, 1)]
4433: [(5208, 2)]
4543: [(6469, 2), (5933, 2), (5852, 2), (9415, 1), (8714, 1), (9643, 1), (6666, 1)]
4574: [(7569, 2), (12132, 2), (6782, 1)]
4836: [(8742, 3)]
5208: [(8742, 3), (5536, 2), (5518, 2), (5391, 2), (6782, 2), (5633, 1), (12941, 1), (8641, 1), (9101, 1), (10428, 1)]
5676: [(6241, 2), (11364, 2), (5933, 2), (8567, 2), (11481, 2), (8282, 2), (11578, 2), (6116, 1)]
5681: [(11464, 2), (6097, 2), (8197, 2), (11095, 2)]
5686: [(6019, 2), (6437, 2), (5895, 2), (5768, 2), (6031, 2), (6457, 2), (6020, 1), (6246, 1), (6089, 1), (8439, 1)]
5687: [(5895, 2), (5768, 2), (6031, 2), (6457, 2), (6152, 1), (11771, 1)]
5715: [(8491, 2)]
5751: [(11296, 3), (7933, 3)]
5755: [(6241, 2), (11364, 2), (6469, 2), (7841, 2), (5803, 2), (5933, 2), (11285, 2), (11542, 2), (5852, 2), (6268, 1)]
5757: [(8197, 2), (6120, 2), (8524, 2), (5773, 2), (6130, 2), (8193, 1), (8542, 1)]
5768: [(6019, 2), (6437, 2), (5895, 2), (6031, 2), (6385, 2), (7795, 2), (6457, 2), (7867, 2), (11452, 2), (8062, 2)]
5773: [(6120, 2), (11144, 2), (11203, 2), (8524, 2), (8197, 2)]
5803: [(6241, 2), (8098, 2), (11364, 2), (6469, 2), (7841, 2), (5869, 2), (5933, 2), (6129, 2), (6268, 1)]
5809: [(11296, 2), (7933, 2), (6168, 1), (5926, 1), (5895, 1)]
5813: [(6041, 2)]
5836: [(6479, 2)]
5837: [(7841, 2), (11364, 2), (5933, 2), (11542, 2), (8567, 2)]
5852: [(8098, 2), (6347, 2), (6181, 2), (6345, 2), (6059, 2), (5933, 2), (6702, 2), (6127, 2), (8272, 2), (6097, 2)]
5857: [(11364, 2), (5933, 2), (11542, 2)]
5869: [(6241, 2), (11364, 2), (6469, 2), (7841, 2), (5933, 2), (6268, 1)]
5888: [(11296, 3), (7933, 3)]
5895: [(6019, 2), (6437, 2), (8365, 2), (6031, 2), (6385, 2), (7795, 2), (6457, 2), (7867, 2), (11452, 2), (8062, 2)]
5899: [(6120, 2), (8524, 2), (8197, 2)]
5903: [(11296, 3), (7933, 3), (6255, 2)]
5921: [(11296, 3), (11506, 3), (7933, 3)]
5928: [(7933, 5), (11674, 1)]
5933: [(7811, 2), (6702, 2), (11542, 2), (6431, 2), (7841, 2), (8098, 2), (6181, 2), (11433, 2), (6059, 2), (6062, 2)]
5938: [(7808, 2), (6393, 2), (6460, 2), (6278, 2)]
5944: [(6120, 2), (8524, 2), (8197, 2), (6198, 2), (11327, 2)]
5945: [(11296, 3), (7933, 3)]
5958: [(11296, 4), (7933, 4), (6278, 4), (6120, 2), (8524, 2)]
6019: [(7867, 2), (6437, 2), (6031, 2), (6385, 2), (7795, 2), (6457, 2), (6239, 2), (11452, 2), (8062, 2), (6431, 2)]
6031: [(6437, 2), (6385, 2), (7795, 2), (6457, 2), (7867, 2), (11452, 2), (8062, 2), (6431, 2), (11300, 1), (6152, 1)]
6041: [(6057, 3), (8063, 3), (11390, 2), (8566, 2), (7962, 2), (11805, 2), (6304, 1), (11366, 1), (6470, 1), (8523, 1)]
6057: [(13414, 5), (6060, 5), (8366, 3), (6162, 3), (8285, 3), (6133, 2), (11580, 2), (6112, 1), (6475, 1), (11526, 1)]
6059: [(6469, 2)]
6060: [(8366, 3), (6162, 3), (8285, 3), (6133, 2), (11526, 1), (6475, 1), (6191, 1), (7832, 1)]
6062: [(6120, 2), (11364, 2), (8524, 2)]
6091: [(11296, 3), (7933, 3)]
6097: [(11203, 2), (8197, 2), (6469, 2), (6120, 2), (8524, 2), (11285, 2), (6437, 2), (8480, 1)]
6120: [(8197, 2), (11144, 2), (13325, 2), (11282, 2), (11203, 2), (13462, 2), (7834, 2), (11292, 2), (6431, 2), (11558, 2)]
6127: [(6469, 2), (6142, 2)]
6129: [(6241, 2), (7841, 2)]
6130: [(11203, 2), (8197, 2), (11144, 2), (8524, 2), (6198, 2), (11327, 2)]
6135: [(7808, 2), (6393, 2), (6460, 2), (6278, 2)]
6142: [(6409, 2), (6431, 2), (8489, 2), (11820, 2), (11578, 2), (7996, 2), (11718, 2), (8272, 2), (8559, 2), (6405, 1)]
6150: [(11296, 3), (7933, 3)]
6162: [(11098, 2), (11493, 1), (11478, 1), (8092, 1), (13470, 1), (8447, 1)]
6181: [(6469, 2)]
6198: [(8098, 2), (6469, 2), (11624, 2), (6345, 2), (8524, 2), (13325, 2), (11282, 2), (11382, 2), (7995, 2), (11452, 2)]
6241: [(7841, 2), (8098, 2), (11364, 2), (6469, 2), (8489, 2), (11820, 2), (11695, 2), (11542, 2), (8567, 2), (11481, 2)]
6255: [(11841, 2)]
6278: [(6702, 4), (7808, 2), (11311, 2), (11701, 2), (6393, 2), (6460, 2), (6431, 2), (7935, 1), (6478, 1), (8505, 1)]
6297: [(6371, 2), (11605, 1)]
6345: [(11203, 2), (6469, 2), (8524, 2), (8197, 2), (11327, 2), (11878, 1), (11087, 1), (8240, 1), (8347, 1)]
6347: [(6469, 2), (8592, 1), (7780, 1), (11207, 1), (13353, 1), (13505, 1), (11627, 1), (8206, 1), (6352, 1), (8241, 1)]
6385: [(6437, 2), (6457, 2), (8062, 2), (6431, 2), (8592, 1), (8341, 1)]
6393: [(7808, 2), (11311, 2), (11701, 2), (6431, 2), (6460, 2), (7935, 1)]
6414: [(6441, 2)]
6431: [(7808, 2), (11203, 2), (8197, 2), (11144, 2), (8524, 2), (8049, 2), (6457, 2), (11327, 2), (6460, 2), (6469, 2)]
6437: [(6457, 2), (7795, 2), (11452, 2), (8062, 2), (11205, 1)]
6453: [(11296, 3), (7933, 3)]
6457: [(8098, 2), (8365, 2), (7795, 2), (7867, 2), (11452, 2), (8062, 2), (8315, 1), (8164, 1), (8237, 1), (11765, 1)]
6460: [(7808, 2), (7935, 1)]
6469: [(7841, 2), (8098, 2), (11364, 2), (11233, 2), (8552, 2), (7917, 2), (6702, 2), (8272, 2), (12609, 2), (11285, 2)]
6479: [(11144, 2), (8524, 2), (7835, 1)]
6516: [(7293, 3)]
6702: [(11296, 4), (7933, 4), (8197, 2), (11144, 2), (8524, 2), (8496, 2)]
6782: [(8742, 3), (7008, 1), (6785, 1), (8482, 1), (7108, 1), (7672, 1), (7277, 1), (7566, 1), (13232, 1), (6897, 1)]
6897: [(12781, 2)]
7808: [(11701, 2), (11311, 2), (8505, 1), (7835, 1)]
7834: [(11144, 2), (11203, 2), (8524, 2), (8197, 2), (11327, 2)]
7839: [(8197, 2)]
7841: [(8098, 2), (11364, 2), (11433, 2), (11787, 2), (8493, 2), (8370, 2), (8567, 2)]
7848: [(7933, 3)]
7867: [(8062, 2), (11171, 1), (11627, 1), (11630, 1), (7952, 1), (11811, 1), (13493, 1), (11191, 1)]
7886: [(7933, 3), (8444, 2)]
7894: [(11144, 2), (11203, 2), (8524, 2), (8197, 2)]
7933: [(11296, 5), (8540, 3), (11437, 3), (8048, 3), (8213, 3), (11255, 3), (8444, 3), (8080, 1), (11791, 1)]
7995: [(11285, 2)]
8024: [(11144, 2), (11203, 2), (8524, 2), (8197, 2), (11327, 2)]
8048: [(11296, 3)]
8049: [(8197, 2), (11144, 2), (8524, 2), (11816, 2), (11382, 2), (8475, 2), (11327, 2)]
8062: [(11452, 2), (8065, 1), (11811, 1), (11336, 1), (8204, 1), (11377, 1), (8501, 1)]
8063: [(8313, 3)]
8098: [(11364, 2), (11820, 2), (11285, 2), (11542, 2), (8567, 2), (11481, 2), (11853, 1)]
8197: [(11624, 2), (11202, 2), (11075, 2), (11558, 2), (11816, 2), (11144, 2), (11882, 2), (8524, 2), (13325, 2), (13357, 2)]
8213: [(11296, 3)]
8282: [(11481, 2), (11695, 2), (11364, 2), (11542, 2), (8567, 2)]
8313: [(13469, 2)]
8370: [(11364, 2), (11542, 2), (8567, 2)]
8395: [(11701, 2)]
8428: [(11203, 2)]
8444: [(11296, 3)]
8475: [(11144, 2), (13424, 2), (13462, 2)]
8482: [(11678, 3)]
8489: [(11481, 2)]
8493: [(8567, 2)]
8524: [(11624, 2), (11202, 2), (11075, 2), (11558, 2), (11816, 2), (11144, 2), (11452, 2), (11882, 2), (13325, 2), (13357, 2)]
8540: [(11296, 3)]
8567: [(11364, 2), (11433, 2), (11787, 2), (11820, 2), (11695, 2), (11542, 2), (11481, 2), (11578, 2), (11374, 1)]
11075: [(11144, 2)]
11095: [(11144, 2)]
11097: [(11144, 2), (11203, 2), (11327, 2)]
11144: [(11202, 2), (13462, 2), (11816, 2), (11464, 2), (11292, 2), (11882, 2), (13325, 2), (13357, 2), (13424, 2), (11624, 2)]
11202: [(11203, 2), (11327, 2)]
11203: [(11624, 2), (11292, 2), (11382, 2), (11327, 2), (11704, 1)]
11255: [(11296, 3)]
11282: [(11327, 2)]
11296: [(11437, 3), (11841, 3), (11593, 1), (11791, 1)]
11327: [(11624, 2), (11882, 2), (13325, 2), (13357, 2), (13424, 2), (11816, 2), (11382, 2), (11365, 1)]
11364: [(11433, 2), (11820, 2), (11695, 2), (11542, 2), (11481, 2), (11578, 2), (13413, 1), (11856, 1)]
11382: [(13513, 2)]
11433: [(11481, 2)]
11481: [(11578, 2), (11820, 2), (11542, 2), (11695, 2)]
11542: [(11820, 2), (11695, 2)]
11578: [(11820, 2)]
11695: [(11820, 2)]
11816: [(13424, 2)]
11945: [(12132, 2)]
