6
total nodes: 13579
uncovered nodes: 1648
Number of structures in the model: 76
Printing the graph out
number of edges with duplicates = 98874
SuperGraph edges printed out
Total	fc	st	bc	ch	nc	nb	Empty	Model	Percent
76	52	19	5	0	0	0	475912	228797	48.08%

Entropy over structure type: 0.0
12.6130690575
Total running time 12.61
covered / total: 51142 / 37448
0: [(101, 9), (201, 9), (276, 9), (950, 9), (2123, 8), (4202, 8), (131, 8), (387, 8), (581, 8), (612, 8)]
2: [(4568, 2), (131, 1)]
4: [(201, 2), (276, 2), (786, 1), (943, 1)]
11: [(1814, 5), (426, 2), (1023, 2)]
15: [(426, 2), (1023, 2), (943, 1)]
20: [(201, 2), (101, 2), (4745, 2)]
23: [(8742, 2), (1216, 1), (992, 1), (694, 1), (12417, 1), (46, 1), (948, 1), (1814, 1)]
24: [(201, 2), (1216, 1), (581, 1), (1264, 1), (1682, 1), (948, 1), (694, 1), (1814, 1), (1982, 1)]
28: [(1814, 6), (1226, 6), (1982, 5), (1216, 5), (2123, 5), (3665, 5), (1881, 5), (739, 5), (5391, 4), (1952, 4)]
33: [(2300, 2), (2287, 2), (5158, 1)]
40: [(1436, 2), (2917, 1), (5158, 1), (103, 1), (494, 1), (1071, 1), (1884, 1)]
41: [(12522, 2), (567, 2), (4677, 1)]
46: [(201, 2), (2300, 2), (101, 2), (1682, 1), (10493, 1)]
51: [(201, 2), (276, 2), (2300, 2)]
52: [(201, 2), (276, 2), (101, 2), (5158, 1)]
55: [(4626, 2), (2300, 2), (10590, 2)]
57: [(210, 2), (2375, 1), (1015, 1)]
63: [(201, 3), (276, 3), (2300, 3), (131, 2), (5158, 2), (2375, 2), (878, 2), (739, 2), (6782, 2), (2010, 2)]
64: [(4745, 2), (276, 2), (101, 2)]
65: [(1216, 4), (739, 4), (1814, 4), (2025, 4), (842, 4), (2123, 4), (943, 4), (1682, 4), (694, 4), (1226, 4)]
67: [(201, 2), (276, 2), (2300, 2), (739, 1), (202, 1), (413, 1), (127, 1)]
69: [(948, 3), (12683, 1), (3298, 1), (4539, 1)]
72: [(201, 2), (1436, 2), (2300, 2)]
76: [(6057, 5), (1505, 4), (6060, 4), (2126, 4), (3410, 4), (794, 4), (127, 3), (11472, 2), (8313, 2), (943, 1)]
79: [(201, 4), (131, 3), (5158, 3), (2010, 3), (635, 3), (4677, 2), (210, 2), (163, 2), (4745, 2), (4836, 1)]
81: [(1025, 2), (203, 2), (1261, 2), (740, 1), (1264, 1), (922, 1), (1275, 1)]
82: [(201, 2), (276, 2)]
84: [(12522, 2), (1906, 2), (101, 2), (4677, 1)]
87: [(1302, 2), (592, 1), (203, 1), (1982, 1), (3813, 1)]
88: [(101, 6), (201, 6), (950, 6), (8742, 5), (1584, 5), (612, 5), (1216, 5), (694, 5), (1226, 5), (739, 5)]
97: [(4132, 2), (201, 2), (1970, 2), (1475, 1), (1221, 1), (5035, 1), (1742, 1), (9040, 1), (3918, 1)]
101: [(131, 9), (201, 9), (276, 9), (387, 9), (581, 9), (597, 9), (694, 9), (739, 9), (815, 9), (842, 9)]
102: [(276, 2), (4972, 1), (2011, 1), (5158, 1), (1071, 1)]
105: [(11638, 2), (1662, 2), (635, 1), (3126, 1)]
111: [(950, 2), (1216, 1), (131, 1), (612, 1), (4677, 1), (5158, 1), (8742, 1), (12461, 1), (726, 1), (10998, 1)]
121: [(2025, 2), (244, 2), (7734, 2), (6782, 2), (2422, 1), (1454, 1), (981, 1), (1961, 1), (1978, 1), (2010, 1)]
124: [(2912, 2), (9792, 2), (2819, 2), (2919, 2), (2005, 2), (1097, 1), (11914, 1), (11975, 1), (2384, 1), (1978, 1)]
125: [(2699, 2), (2927, 2), (9114, 1), (12538, 1)]
127: [(276, 6), (413, 6), (660, 5), (1216, 5), (720, 5), (815, 5), (950, 5), (2148, 4), (202, 4), (1245, 4)]
131: [(201, 9), (1226, 9), (276, 9), (1814, 9), (950, 9), (1584, 8), (597, 8), (612, 8), (878, 8), (694, 8)]
133: [(201, 4), (1682, 3), (2835, 3), (1814, 3), (943, 3), (1948, 3), (3484, 3), (425, 3), (815, 3), (1584, 3)]
139: [(2025, 2), (244, 2), (6782, 2), (2010, 1), (4563, 1)]
141: [(1633, 2), (3636, 2), (11472, 1), (830, 1)]
163: [(3484, 3), (1584, 3), (842, 3), (2123, 3), (720, 3), (852, 3), (1245, 3), (2964, 2), (1693, 2), (5158, 2)]
164: [(1538, 3), (3459, 3), (6431, 3), (2103, 3), (194, 3), (6347, 3), (720, 3), (3590, 2), (1693, 2), (289, 2)]
169: [(1538, 3), (2179, 3), (5895, 3), (3459, 3), (3351, 3), (2095, 3), (6431, 3), (6437, 3), (5687, 3), (3118, 3)]
170: [(950, 2), (1436, 1), (2375, 1)]
172: [(3683, 2), (842, 2), (2123, 2), (815, 2), (441, 2), (1245, 2), (2977, 1), (3106, 1), (1642, 1), (5724, 1)]
175: [(276, 3), (2300, 3), (739, 2), (2375, 2), (1071, 2), (210, 2), (1982, 2), (471, 1), (211, 1), (1015, 1)]
177: [(276, 3), (950, 3), (1216, 2), (943, 2), (1978, 2), (1982, 2), (832, 2), (597, 2), (2010, 2), (2783, 2)]
181: [(950, 2), (276, 2), (1216, 1), (770, 1), (9035, 1), (9062, 1), (842, 1), (2123, 1), (815, 1), (597, 1)]
191: [(2300, 2), (739, 1), (5158, 1), (2375, 1), (1805, 1), (1982, 1)]
194: [(1538, 4), (2179, 4), (3459, 4), (6347, 4), (6431, 4), (6437, 4), (3118, 4), (2103, 4), (720, 4), (3077, 3)]
196: [(1814, 3), (2783, 3), (1216, 2), (739, 2), (842, 2), (2123, 2), (943, 2), (694, 2), (12522, 2), (1450, 2)]
197: [(969, 2), (2351, 2)]
201: [(276, 10), (387, 9), (581, 9), (597, 9), (612, 9), (694, 9), (739, 9), (815, 9), (842, 9), (878, 9)]
202: [(2123, 6), (815, 6), (950, 6), (296, 5), (842, 5), (3018, 5), (2148, 4), (203, 4), (413, 4), (720, 4)]
203: [(581, 6), (597, 6), (387, 6), (1982, 6), (2512, 5), (2513, 4), (2591, 3), (598, 3), (684, 3), (1263, 3)]
207: [(7407, 2), (1550, 1)]
209: [(225, 2), (8358, 1), (8326, 1), (865, 1), (11797, 1), (3126, 1), (3263, 1)]
210: [(1793, 2), (276, 2), (681, 2), (471, 2), (348, 2), (482, 2), (512, 1), (1781, 1), (1795, 1), (1790, 1)]
211: [(482, 2), (2300, 2), (680, 1), (940, 1), (941, 1), (1201, 1), (1091, 1), (1482, 1), (1486, 1), (1488, 1)]
219: [(5732, 2), (7876, 1), (7993, 1), (943, 1), (11472, 1), (7991, 1), (8409, 1)]
223: [(1216, 2), (1538, 2), (3590, 2), (1673, 2), (3210, 2), (11285, 2), (3484, 2), (5933, 2), (815, 2), (3121, 2)]
224: [(6278, 2), (1673, 2), (842, 2), (2123, 2), (720, 2), (3023, 1), (2235, 1)]
225: [(11126, 2), (8358, 2), (11891, 2), (3126, 2), (825, 2), (858, 2), (11782, 1), (7911, 1), (7889, 1), (6169, 1)]
229: [(245, 2), (2025, 1), (4790, 1)]
231: [(2010, 2), (276, 2), (12951, 1)]
237: [(2010, 2), (1978, 1)]
243: [(4458, 2), (5116, 2), (6782, 2)]
244: [(276, 4), (950, 4), (2025, 4), (387, 3), (1682, 3), (1982, 3), (1216, 3), (6782, 3), (10894, 2), (2064, 2)]
245: [(2894, 2), (11049, 1), (12745, 1), (9931, 1), (5487, 1)]
246: [(1216, 2), (2955, 2), (3018, 2), (687, 2), (3484, 2), (815, 2), (2378, 2), (832, 2), (3649, 2), (842, 2)]
253: [(11296, 3), (3129, 3), (3136, 3), (450, 3), (1498, 3), (7933, 3), (5764, 2), (6150, 2), (6290, 2), (6211, 2)]
257: [(1216, 2), (3590, 2), (2955, 2), (660, 2), (3484, 2), (815, 2), (3018, 2), (832, 2), (839, 2), (842, 2)]
261: [(3590, 2), (1571, 2), (1584, 2), (5681, 2), (2103, 2), (11327, 2), (3649, 2), (2121, 2), (2123, 2), (2148, 2)]
267: [(1948, 2), (1226, 1), (878, 1)]
269: [(684, 3), (2513, 3), (2563, 2), (2565, 2), (2604, 2), (3852, 2), (9502, 2), (1264, 2), (2603, 2), (1326, 2)]
271: [(1699, 2), (950, 2), (10730, 1)]
276: [(1216, 13), (2123, 13), (842, 11), (950, 11), (387, 9), (581, 9), (597, 9), (612, 9), (694, 9), (739, 9)]
277: [(8102, 2), (7816, 2), (1518, 2), (7920, 2), (8292, 2), (3232, 1), (7982, 1), (2148, 1), (11182, 1), (2217, 1)]
279: [(12159, 2), (9839, 2)]
283: [(1538, 3), (3590, 3), (815, 3), (3484, 3), (3121, 3), (3126, 3), (2378, 3), (1216, 3), (842, 3), (2123, 3)]
287: [(815, 4), (2123, 4), (3018, 3), (842, 3), (2148, 3), (8454, 2), (794, 2), (6310, 2), (6057, 2), (6060, 2)]
289: [(852, 4), (950, 4), (1538, 3), (3590, 3), (1642, 3), (660, 3), (1216, 3), (6347, 3), (720, 3), (5872, 3)]
295: [(1025, 2)]
296: [(815, 6), (950, 6), (1245, 5), (2300, 5), (842, 5), (3018, 5), (1584, 4), (3121, 4), (597, 4), (612, 4)]
313: [(8358, 2), (3126, 2), (1587, 1), (11389, 1)]
315: [(6720, 2), (2750, 2), (4568, 1)]
359: [(3489, 2), (3491, 2), (6141, 1)]
379: [(635, 4), (3484, 3), (11302, 3), (815, 3), (840, 3), (3126, 3), (842, 3), (1216, 3), (456, 3), (1613, 3)]
380: [(635, 2), (5750, 2), (413, 1)]
383: [(2560, 2), (3744, 2), (3835, 2), (9445, 1), (9446, 1), (9447, 1), (943, 1), (4184, 1), (922, 1), (9693, 1)]
387: [(950, 9), (1814, 8), (815, 8), (943, 8), (1584, 8), (1978, 8), (1982, 8), (1216, 8), (694, 8), (1226, 8)]
391: [(1633, 3), (5763, 2), (6314, 2), (5931, 2), (8307, 2), (3637, 2), (1978, 2), (8414, 2), (3111, 1), (8335, 1)]
397: [(1179, 2), (1071, 2), (5158, 1)]
406: [(8358, 2), (3126, 2), (635, 2), (7884, 1), (5940, 1), (825, 1)]
409: [(1814, 3), (1226, 3), (2783, 3), (1216, 2), (739, 2), (581, 2), (425, 2), (842, 2), (1978, 2), (1682, 2)]
412: [(3363, 2)]
413: [(1216, 7), (950, 7), (839, 6), (1584, 5), (1511, 5), (2148, 4), (1245, 4), (832, 4), (2378, 4), (1948, 4)]
415: [(2300, 2)]
417: [(2300, 2)]
425: [(950, 7), (1682, 6), (2835, 6), (1814, 6), (943, 6), (3484, 6), (930, 6), (815, 6), (1982, 6), (1216, 6)]
426: [(2300, 3), (1682, 2), (1814, 2), (1048, 2), (8865, 2), (10914, 2), (1190, 2), (7082, 2), (10678, 2), (1216, 2)]
432: [(1682, 2), (739, 2)]
441: [(842, 3), (2123, 3), (815, 3), (2235, 3), (3018, 3), (3583, 3), (3106, 2), (513, 1), (3398, 1), (2977, 1)]
447: [(7864, 2), (6209, 2), (7973, 2), (2086, 2), (11538, 1)]
450: [(3136, 4), (11296, 3), (3639, 3), (3129, 3), (1982, 3), (2123, 3), (720, 3), (1498, 3), (11472, 3), (660, 3)]
451: [(2300, 2), (4753, 1), (1682, 1)]
454: [(456, 2), (635, 2)]
456: [(11302, 3), (635, 3), (3298, 2), (3126, 2), (3538, 2), (5750, 2), (457, 1)]
458: [(635, 2), (11302, 2), (5750, 2)]
459: [(3172, 2), (3463, 2), (3026, 2), (3126, 2), (635, 2), (11302, 1), (3372, 1), (5812, 1), (8020, 1)]
463: [(716, 3), (5685, 3), (474, 3), (1597, 3), (802, 2), (6149, 2), (3691, 2), (6365, 2), (6175, 2), (2206, 2)]
466: [(3136, 2), (8531, 2), (5945, 2), (11255, 2), (8578, 1), (11528, 1), (11793, 1), (13358, 1), (3484, 1), (13495, 1)]
471: [(482, 2), (1768, 1), (644, 1), (1478, 1), (646, 1), (1479, 1), (680, 1), (489, 1), (1066, 1), (491, 1)]
474: [(1597, 4), (716, 4), (660, 3), (802, 3), (5685, 3), (11472, 3), (3691, 3), (1668, 2), (6149, 2), (2206, 2)]
481: [(1581, 2), (3070, 2), (611, 1), (873, 1), (3180, 1), (11472, 1), (849, 1), (500, 1), (790, 1), (2107, 1)]
485: [(2300, 2), (950, 2)]
506: [(1424, 2), (10057, 2), (694, 1)]
509: [(2300, 2), (6960, 1)]
510: [(1351, 2), (1361, 2), (4323, 1), (9412, 1), (2512, 1), (1978, 1), (4126, 1)]
521: [(1542, 2), (2150, 2), (6056, 2), (3025, 2), (1651, 2), (3639, 2), (3237, 2), (5924, 1), (11472, 1), (5951, 1)]
522: [(1504, 2), (6275, 2), (11472, 1)]
526: [(711, 2), (713, 2), (8162, 2), (2124, 2), (8097, 2), (625, 2), (821, 2), (1623, 2), (11834, 2), (3071, 2)]
528: [(3018, 2), (11638, 2), (1662, 2), (3126, 1)]
533: [(6049, 2), (5732, 2), (11305, 2), (8077, 2), (3473, 2), (2237, 2), (11507, 1), (3035, 1)]
535: [(2300, 2), (5604, 1), (1071, 1)]
540: [(9773, 2), (1760, 1), (11937, 1), (7067, 1), (12037, 1), (743, 1), (12205, 1), (12138, 1), (13003, 1), (12044, 1)]
565: [(912, 2), (12608, 1), (7235, 1), (4841, 1), (13213, 1), (10819, 1), (5545, 1), (10042, 1), (12413, 1)]
567: [(1216, 2), (842, 2), (2123, 2), (943, 2), (597, 2), (12522, 2), (1450, 2), (5158, 1), (968, 1), (777, 1)]
579: [(580, 2), (12456, 2), (5240, 2), (666, 2), (2357, 1), (5013, 1)]
581: [(2123, 8), (597, 8), (612, 8), (694, 8), (1216, 8), (1226, 8), (739, 8), (1814, 8), (815, 8), (878, 8)]
583: [(594, 3), (1302, 3), (736, 2), (2532, 2), (598, 2), (3719, 2), (586, 2), (597, 2), (2649, 2), (1354, 2)]
586: [(736, 2), (1323, 2), (2533, 2)]
587: [(736, 2), (594, 2), (1513, 1), (11472, 1)]
594: [(1302, 5), (3719, 4), (1311, 4), (2532, 4), (597, 4), (598, 4), (2649, 4), (1293, 3), (2543, 3), (1312, 3)]
595: [(2532, 3), (950, 3), (1302, 3), (2658, 2), (739, 2), (1354, 2), (943, 2), (1982, 2), (2661, 2), (3959, 1)]
596: [(1354, 2), (2532, 2), (1302, 2), (1982, 1)]
597: [(1584, 8), (2123, 8), (612, 8), (4202, 8), (694, 8), (1216, 8), (1226, 8), (1264, 8), (1814, 8), (815, 8)]
598: [(1302, 4), (2532, 4), (3719, 3), (943, 3), (1982, 3), (739, 3), (1264, 3), (661, 2), (4249, 2), (4251, 2)]
600: [(2532, 2), (1354, 2), (1302, 2), (2657, 1), (3814, 1), (617, 1), (1584, 1), (9426, 1), (2549, 1), (2650, 1)]
602: [(1264, 2), (1982, 1)]
604: [(2532, 2), (1302, 2), (1982, 1)]
609: [(1216, 3), (2025, 3), (4202, 3), (1982, 3), (5208, 3)]
612: [(950, 9), (1584, 8), (694, 8), (2123, 8), (4202, 8), (1216, 8), (1226, 8), (739, 8), (1264, 8), (1814, 8)]
614: [(1216, 3), (739, 3), (1814, 3), (2300, 3), (842, 3), (878, 3), (943, 3), (1682, 3), (4202, 3), (694, 3)]
616: [(912, 2), (2248, 2), (5158, 1), (937, 1)]
617: [(2540, 2), (950, 2), (1317, 1), (9293, 1), (943, 1), (9306, 1)]
620: [(2300, 2), (739, 1), (878, 1)]
621: [(2300, 2), (4381, 2), (1492, 1), (878, 1)]
622: [(2300, 2), (5013, 2), (895, 1), (2357, 1)]
625: [(2207, 3), (6432, 3), (11079, 3), (821, 3), (3268, 3), (711, 3), (713, 3), (2124, 3), (8162, 3), (3071, 3)]
629: [(2951, 2), (3338, 2), (5904, 2), (2204, 2), (8112, 2), (1590, 2), (11199, 2), (1602, 2), (3011, 2), (11337, 2)]
635: [(5750, 3), (660, 3), (3484, 3), (5158, 3), (815, 3), (1584, 3), (3126, 3), (3018, 3), (6389, 3), (1216, 3)]
638: [(1584, 2), (2148, 2), (1978, 1), (7814, 1)]
640: [(1216, 2), (1538, 2), (3590, 2), (1544, 2), (3210, 2), (5933, 2), (687, 2), (3108, 2), (815, 2), (3121, 2)]
651: [(6600, 2), (2300, 2)]
652: [(1216, 6), (815, 6), (2123, 6), (3484, 5), (842, 5), (1584, 4), (1673, 3), (2835, 3), (1814, 3), (1948, 3)]
658: [(6432, 2), (3268, 2), (711, 2), (713, 2), (6218, 2), (2124, 2), (8013, 2), (3214, 2), (821, 2), (3256, 2)]
660: [(1216, 5), (815, 5), (2123, 5), (3121, 4), (2148, 4), (720, 4), (2300, 4), (832, 4), (2378, 4), (3484, 4)]
661: [(1264, 3), (2300, 3), (1584, 2), (1263, 2), (1269, 2), (10223, 2), (1982, 2), (3909, 1), (2518, 1), (3993, 1)]
662: [(2920, 2), (8859, 2), (2300, 2), (7734, 1), (663, 1)]
664: [(3842, 2), (4383, 2), (1339, 1)]
669: [(1263, 2), (1264, 2), (7633, 2), (3921, 1), (4332, 1), (1261, 1), (9518, 1), (9485, 1), (4345, 1)]
673: [(2300, 3), (1216, 2), (842, 2), (2123, 2), (943, 2), (1682, 2), (5491, 2), (1982, 2), (12048, 1), (10918, 1)]
684: [(2591, 3), (2605, 3), (9276, 3), (2512, 3), (2513, 3), (9502, 2), (3870, 2), (2599, 2), (2600, 2), (3762, 2)]
685: [(713, 2), (3268, 2), (711, 2)]
687: [(1538, 2), (1544, 2), (1550, 2), (3088, 2), (3108, 2), (3590, 2), (3121, 2), (6207, 2), (3649, 2), (2123, 2)]
689: [(6432, 2), (8096, 2), (3268, 2), (8097, 2), (713, 2), (3020, 2), (11309, 2), (2124, 2), (821, 2), (3256, 2)]
694: [(950, 9), (1814, 8), (943, 8), (1584, 8), (1978, 8), (1226, 8), (1982, 8), (1216, 8), (842, 8), (739, 8)]
700: [(5750, 2)]
707: [(708, 2)]
710: [(1594, 2), (8596, 2), (7838, 2), (11472, 1), (1558, 1)]
711: [(3268, 3), (2203, 3), (6432, 3), (821, 3), (713, 3), (2124, 3), (850, 3), (3071, 3), (3471, 2), (787, 2)]
712: [(3018, 2), (7896, 2), (11472, 2), (7873, 1), (6267, 1), (2116, 1), (3239, 1), (5897, 1), (3659, 1), (1517, 1)]
713: [(11309, 3), (2124, 3), (2203, 3), (2207, 3), (3375, 3), (821, 3), (11079, 3), (850, 3), (5991, 3), (2969, 3)]
714: [(1216, 4), (815, 4), (2123, 4), (3484, 3), (3121, 3), (3018, 3), (832, 3), (842, 3), (2148, 3), (950, 3)]
716: [(1597, 4), (802, 3), (3691, 3), (1584, 3), (3143, 2), (2158, 2), (6399, 2), (6365, 2), (1588, 2), (3416, 2)]
717: [(1603, 2), (3373, 2), (720, 2), (8025, 2), (5926, 1), (3154, 1), (11893, 1), (3129, 1), (3643, 1)]
720: [(2123, 7), (1216, 6), (815, 6), (1538, 5), (3121, 5), (2179, 5), (6347, 5), (842, 5), (1245, 5), (832, 5)]
721: [(3126, 3), (1613, 3), (5750, 3), (815, 2), (3484, 2), (813, 2), (11823, 2), (1584, 2), (6323, 2), (3387, 2)]
725: [(1226, 4)]
728: [(3040, 2), (6432, 2), (3268, 2), (11079, 2), (6218, 2), (2124, 2), (3214, 2), (1615, 2), (821, 2), (3256, 2)]
730: [(1073, 2), (4642, 2), (1179, 2), (1071, 2), (5088, 1)]
731: [(2300, 2), (1071, 2), (1714, 1), (11963, 1), (5158, 1)]
732: [(9140, 2), (5061, 1), (7015, 1), (7217, 1), (4470, 1), (7452, 1)]
735: [(9915, 2), (4517, 2), (9172, 2), (4694, 2), (13025, 1), (7007, 1), (8891, 1), (9068, 1), (11056, 1), (5298, 1)]
736: [(1302, 3), (2649, 3), (5158, 2), (1323, 2), (11472, 2), (3808, 1), (9657, 1), (9673, 1), (9603, 1), (3813, 1)]
737: [(2300, 2), (950, 2)]
738: [(1025, 2)]
739: [(950, 9), (2123, 8), (815, 8), (842, 8), (878, 8), (943, 8), (1226, 8), (1216, 8), (1264, 8), (1584, 8)]
740: [(2657, 2), (2532, 2), (2540, 2), (1293, 2), (1302, 2), (2656, 1), (1731, 1), (3814, 1), (1354, 1), (2539, 1)]
750: [(1626, 2), (2098, 2), (6014, 1), (1623, 1)]
751: [(1984, 2), (2012, 2), (950, 2)]
752: [(2835, 3), (1982, 3), (1814, 3), (1424, 2)]
754: [(943, 2)]
766: [(950, 3), (3790, 1)]
784: [(1538, 3), (6019, 3), (6431, 3), (2127, 3), (3151, 3), (1216, 2), (3590, 2), (2241, 2), (11144, 2), (3088, 2)]
786: [(1584, 3), (1642, 3), (3073, 2), (6279, 2), (11266, 2), (6415, 2), (11161, 2), (8474, 2), (11556, 2), (8155, 2)]
787: [(3328, 2), (1537, 2), (3081, 2), (8320, 2), (3087, 2), (3474, 2), (3224, 2), (3231, 2), (6432, 2), (11169, 2)]
789: [(3268, 2), (2124, 2), (3020, 2), (821, 2), (2207, 2), (1623, 1)]
791: [(6323, 2), (3538, 2), (2165, 2), (3126, 2), (842, 1), (8494, 1), (11153, 1), (11891, 1), (13401, 1), (11658, 1)]
794: [(6057, 6), (6060, 6), (815, 6), (2126, 6), (3410, 6), (8327, 5), (3336, 5), (8226, 5), (1216, 5), (2123, 5)]
797: [(3056, 2), (8513, 2), (2189, 1)]
799: [(3040, 2), (3056, 2)]
800: [(8480, 2), (8037, 2), (3403, 2), (2193, 2), (3667, 2), (832, 1)]
801: [(3574, 3), (3533, 2), (2961, 1), (3575, 1)]
802: [(1597, 3), (1588, 2), (3287, 2), (3418, 2), (6399, 2), (5920, 1), (8231, 1), (5864, 1), (11467, 1), (11790, 1)]
803: [(5682, 2), (1581, 2), (3070, 2), (7812, 1), (839, 1)]
804: [(1491, 2), (3332, 2), (2998, 2), (6456, 1)]
805: [(2193, 2), (8480, 2), (8358, 2), (6323, 2), (3126, 2), (3403, 2), (3538, 2), (3667, 2), (5726, 2), (8037, 2)]
807: [(3136, 2), (11296, 2), (3129, 2), (1498, 2), (3135, 2), (2123, 1), (1982, 1)]
808: [(3018, 2), (5891, 2), (834, 1)]
810: [(8001, 2), (13426, 2), (851, 2), (6422, 2), (2199, 2), (2995, 2), (11146, 1), (3054, 1)]
811: [(3056, 2), (2189, 1)]
812: [(8001, 2), (851, 2), (11254, 2), (2938, 2), (2995, 2), (11330, 1), (13371, 1), (3268, 1), (8150, 1), (13482, 1)]
813: [(8001, 2), (8387, 2), (6344, 2), (8110, 2), (11299, 2), (1491, 2), (2202, 2), (13516, 1)]
815: [(2123, 13), (1216, 13), (842, 11), (950, 11), (839, 10), (3484, 10), (1584, 9), (4202, 8), (1226, 8), (1264, 8)]
818: [(8001, 3), (1491, 3), (2202, 3), (2995, 3), (11712, 2), (5988, 2), (6182, 2), (3439, 2), (6325, 2), (8120, 2)]
819: [(6049, 2), (5732, 2), (3473, 2), (3382, 2), (2237, 2), (6271, 2), (3561, 1)]
820: [(3590, 2), (1571, 2), (5681, 2), (6198, 2), (2103, 2), (11327, 2), (3649, 2), (2123, 2), (2136, 2), (2148, 2)]
821: [(8013, 3), (2969, 3), (2203, 3), (2207, 3), (6432, 3), (11079, 3), (3375, 3), (11834, 3), (2124, 3), (850, 3)]
823: [(2123, 4), (8022, 2), (8226, 2), (6213, 2), (2126, 2), (7775, 2), (5736, 2), (8313, 2), (11469, 2), (8399, 2)]
825: [(2170, 2), (1587, 2), (1477, 1)]
827: [(6106, 2)]
831: [(1584, 3), (1216, 3), (842, 3), (2123, 3), (1642, 3), (8212, 2), (8002, 2), (3283, 2), (3286, 2), (3067, 2)]
832: [(2123, 6), (1216, 6), (2148, 5), (3121, 5), (1245, 5), (839, 5), (2378, 5), (3484, 5), (950, 5), (842, 5)]
833: [(11638, 2), (1662, 2), (3126, 1)]
839: [(1216, 10), (950, 9), (842, 9), (1584, 8), (1511, 8), (943, 7), (1226, 7), (1982, 7), (1264, 7), (2300, 6)]
840: [(3126, 3), (7911, 2), (3538, 2), (8275, 2), (3484, 2), (8386, 1), (8203, 1), (1967, 1), (8117, 1), (3319, 1)]
841: [(842, 2), (2123, 2), (5954, 1), (6475, 1), (6057, 1), (2126, 1), (6100, 1), (5844, 1), (5947, 1)]
842: [(2123, 11), (1216, 11), (950, 10), (3484, 9), (4202, 8), (1226, 8), (1264, 8), (1814, 8), (878, 8), (2025, 8)]
843: [(1511, 2), (6187, 1), (3017, 1), (1547, 1), (3085, 1), (3675, 1), (5756, 1)]
844: [(1216, 2), (6278, 2), (2123, 2), (852, 2), (6393, 2), (3023, 1), (2992, 1), (1982, 1)]
848: [(2123, 4), (2378, 3), (5785, 2), (6057, 2), (6060, 2), (8128, 2), (5954, 2), (6213, 2), (8267, 2), (2126, 2)]
850: [(6432, 3), (8162, 3), (3268, 3), (2124, 3), (3071, 3), (8096, 2), (871, 2), (3080, 2), (1623, 2), (11353, 2)]
851: [(8387, 2), (6256, 1)]
852: [(1538, 4), (1584, 4), (3121, 4), (3649, 4), (2123, 4), (2148, 4), (1216, 4), (2378, 4), (3484, 4), (3018, 4)]
855: [(5732, 2), (876, 2), (3473, 2), (3382, 2), (2237, 2), (5872, 1)]
857: [(2181, 3), (1640, 3), (11378, 3), (8001, 2), (3439, 2), (6388, 2), (3387, 2), (11773, 2), (11519, 2)]
858: [(5891, 2), (1605, 2), (3011, 1)]
859: [(1216, 2), (1538, 2), (2219, 2), (6469, 2), (3590, 2), (1673, 2), (2123, 2), (8370, 2), (3150, 2), (3698, 2)]
860: [(8102, 2), (7816, 2), (3177, 2), (1518, 2), (3645, 2), (8473, 1), (7837, 1)]
863: [(2179, 2), (3590, 2), (2955, 2), (2191, 2), (2964, 2), (3484, 2), (1693, 2), (6431, 2), (3696, 2), (1571, 2)]
865: [(11302, 2), (3538, 2), (2165, 2), (3126, 2), (2148, 1), (2378, 1)]
868: [(1633, 2), (8262, 2), (1127, 2), (3637, 2), (8414, 2), (3330, 1), (2182, 1), (6024, 1), (11369, 1), (3466, 1)]
869: [(1581, 2), (5912, 2), (2168, 2), (2973, 2), (3070, 2), (11649, 1), (11672, 1), (11716, 1), (5909, 1), (7926, 1)]
876: [(3473, 4), (2237, 3), (5872, 3), (11267, 2), (13344, 2), (11305, 2), (8238, 2), (3382, 2), (5827, 2), (6198, 2)]
878: [(950, 9), (1584, 8), (1216, 8), (1226, 8), (1264, 8), (1814, 8), (943, 8), (1978, 8), (1982, 8), (5208, 7)]
894: [(3040, 2)]
900: [(5132, 2), (10432, 1), (10148, 1), (6503, 1), (6797, 1), (1112, 1), (12764, 1), (4893, 1)]
903: [(2600, 2), (2602, 2), (9314, 2), (4202, 2)]
904: [(1424, 2)]
912: [(12207, 2), (2390, 1)]
917: [(9792, 2), (2005, 2), (2919, 2)]
923: [(2300, 2), (4528, 1), (1829, 1)]
930: [(1216, 6), (1511, 6), (2025, 6), (1226, 6), (943, 6), (1682, 6), (2835, 6), (4202, 6), (1814, 6), (3484, 6)]
931: [(950, 2)]
935: [(1446, 2), (950, 2)]
943: [(950, 9), (1226, 8), (1216, 8), (1584, 8), (1814, 8), (1978, 8), (1982, 8), (2300, 7), (3484, 7), (2783, 7)]
948: [(1814, 7), (1978, 7), (1982, 7), (1216, 7), (2123, 7), (1264, 7), (1236, 6), (1302, 5), (2257, 5), (1693, 4)]
950: [(1216, 11), (1226, 9), (1264, 9), (1584, 9), (1814, 9), (1978, 9), (1982, 9), (2300, 8), (2783, 8), (1682, 8)]
952: [(2415, 2), (7261, 1)]
953: [(2300, 2)]
967: [(6827, 2), (2780, 2), (7275, 2), (5158, 1)]
968: [(2300, 2), (2415, 1)]
969: [(2025, 4), (6782, 4), (1584, 3), (5618, 3), (6785, 2), (10118, 2), (2064, 2), (4997, 2), (1214, 2), (11981, 2)]
972: [(1347, 2), (3748, 1), (3781, 1), (4073, 1), (1035, 1), (3779, 1)]
975: [(2300, 2)]
980: [(4921, 2), (12035, 2), (2005, 2)]
994: [(1814, 4), (1216, 3), (2025, 3), (2123, 3), (12522, 2), (995, 1), (1830, 1)]
1000: [(2042, 2), (1216, 1), (1226, 1), (5208, 1), (1017, 1), (2427, 1), (4202, 1), (1982, 1)]
1015: [(2300, 2), (1033, 1)]
1016: [(2300, 4), (1982, 3), (1216, 3), (3018, 3), (1538, 2), (12943, 2), (2835, 2), (4517, 2), (9915, 2), (9172, 2)]
1023: [(8865, 2), (10914, 2), (1190, 2), (1024, 1), (5158, 1), (1137, 1), (5395, 1), (12980, 1), (2010, 1), (1726, 1)]
1025: [(4168, 2), (4169, 2), (1261, 2), (2512, 2), (3889, 2), (4339, 2), (4122, 2), (4507, 2), (4042, 1), (3735, 1)]
1026: [(2300, 2), (4752, 1), (5382, 1)]
1033: [(2300, 2), (4596, 1), (12178, 1)]
1035: [(1814, 4), (1948, 4), (1978, 4), (1216, 4), (1226, 4), (2123, 4), (2783, 4), (4202, 4), (1264, 4), (3781, 3)]
1040: [(2300, 2)]
1048: [(1916, 2)]
1053: [(3827, 2), (3873, 1), (4175, 1), (3833, 1), (2649, 1), (1054, 1)]
1062: [(1216, 2), (2123, 2), (1544, 1), (2339, 1)]
1063: [(1179, 2), (2300, 2), (5197, 1)]
1068: [(1948, 2), (6928, 2), (11048, 2), (11017, 2), (2300, 2), (1157, 1), (1096, 1), (12524, 1)]
1071: [(2300, 4), (10766, 2), (10297, 2), (10822, 2), (8809, 2), (5231, 2), (12227, 2), (9933, 2), (2272, 2), (2843, 2)]
1072: [(9622, 2), (1263, 2)]
1073: [(2300, 2), (1682, 1)]
1082: [(1948, 3), (8742, 3), (1424, 2), (7183, 1)]
1096: [(1347, 3), (2300, 3), (1814, 2), (1948, 2), (2355, 2), (5557, 2), (6198, 2), (7483, 2), (1982, 2), (10549, 2)]
1098: [(4136, 2), (4142, 2), (4029, 2), (4031, 2), (1347, 2), (4356, 1), (2568, 1), (4362, 1), (1420, 1), (4365, 1)]
1100: [(2248, 2), (2249, 2), (5612, 2), (2866, 1), (1937, 1)]
1107: [(1216, 4), (8742, 4), (3484, 4), (1226, 4), (1236, 4), (1881, 4), (2300, 4), (1982, 4), (2357, 3), (1143, 3)]
1117: [(1263, 2), (1264, 2), (3850, 1), (3853, 1), (9500, 1), (1181, 1), (4384, 1), (4003, 1), (9252, 1), (9277, 1)]
1122: [(1682, 4), (1584, 4), (1978, 4), (1982, 4), (1216, 4), (2123, 4), (2783, 4), (1264, 4), (5208, 3), (4099, 2)]
1124: [(9248, 2), (1263, 2), (1584, 1), (1259, 1)]
1127: [(1633, 2), (3636, 2), (11187, 1), (6452, 1)]
1132: [(1216, 2), (2025, 2), (2123, 2), (1982, 2), (2783, 2), (1450, 1), (2415, 1)]
1143: [(1216, 4), (2300, 4), (1226, 4), (1584, 4), (1682, 4), (1948, 4), (1982, 4), (3781, 3), (6782, 2), (1281, 1)]
1151: [(10121, 2), (1691, 2), (4507, 2), (9766, 2), (4780, 2), (7482, 2), (4491, 2), (10821, 2), (8779, 2), (2006, 2)]
1152: [(2300, 2), (5193, 1), (8742, 1)]
1154: [(2300, 2)]
1159: [(2300, 2), (1824, 1), (6876, 1), (6790, 1), (6574, 1)]
1166: [(2510, 2), (1271, 2), (1344, 1), (1731, 1), (9559, 1), (9273, 1), (1978, 1), (9279, 1)]
1179: [(2300, 3), (10243, 2), (4626, 2), (9777, 2), (10297, 2), (8767, 2), (7235, 2), (5195, 2), (4202, 2), (1682, 2)]
1182: [(1216, 4), (4202, 4), (1682, 4), (2300, 4), (1982, 4), (2835, 3), (5208, 3), (4752, 2), (2278, 1)]
1194: [(4202, 3), (2257, 2)]
1200: [(1226, 3), (1814, 3), (1216, 2), (2025, 2), (2123, 2), (1264, 2), (3665, 2), (1682, 2), (2835, 2), (4202, 2)]
1214: [(2025, 2), (1916, 2), (6782, 2)]
1216: [(2123, 13), (3484, 10), (1584, 9), (4202, 8), (1226, 8), (1264, 8), (1814, 8), (1982, 8), (1511, 8), (2025, 8)]
1220: [(1814, 3)]
1226: [(1814, 9), (1584, 8), (1978, 8), (1982, 8), (2123, 8), (2783, 8), (4202, 8), (1682, 7), (3484, 7), (1236, 7)]
1227: [(2300, 2), (4752, 1)]
1236: [(1814, 7), (2783, 7), (2835, 6), (1948, 6), (1978, 6), (1982, 6), (2123, 6), (2025, 6), (4202, 6), (1682, 6)]
1245: [(2123, 7), (3484, 5), (3121, 5), (2148, 5), (1538, 4), (3590, 4), (3473, 4), (1978, 4), (1982, 4), (3649, 4)]
1251: [(2513, 2)]
1252: [(1264, 2), (2588, 1)]
1254: [(1264, 2), (1263, 2), (3719, 1)]
1256: [(1351, 2), (1271, 2), (4128, 1), (3873, 1), (3907, 1), (4268, 1), (3920, 1), (9568, 1), (3827, 1), (1398, 1)]
1257: [(1272, 2), (3873, 1), (5158, 1), (9520, 1), (3916, 1), (1389, 1), (4175, 1), (3920, 1), (3928, 1), (9273, 1)]
1261: [(2512, 2), (9663, 1), (1275, 1), (5429, 1), (2647, 1)]
1262: [(9504, 2), (2513, 2), (3787, 2), (4300, 1), (4312, 1)]
1263: [(1264, 4), (3719, 3), (4121, 3), (9248, 3), (1978, 3), (12001, 3), (2561, 2), (3721, 2), (3727, 2), (3738, 2)]
1264: [(1982, 8), (1682, 7), (2783, 7), (1511, 7), (3665, 6), (2835, 6), (1302, 6), (2257, 5), (2512, 5), (2032, 5)]
1265: [(3747, 2)]
1269: [(3888, 2), (1329, 2), (1982, 2), (1349, 2), (2513, 2), (4089, 2), (2683, 2), (3844, 1), (3845, 1), (3718, 1)]
1271: [(1351, 2), (4265, 2), (1337, 2), (1978, 2), (4383, 2), (2626, 1), (4197, 1), (4127, 1), (3778, 1), (2610, 1)]
1272: [(1337, 2), (3827, 2), (2597, 2), (4265, 2), (1353, 1)]
1276: [(2517, 2), (1407, 1), (3719, 1)]
1278: [(1731, 2)]
1280: [(4146, 3), (4029, 3), (1347, 2), (9370, 2), (4281, 1)]
1281: [(1285, 2), (5208, 1), (4282, 1), (4358, 1)]
1285: [(1982, 3), (4138, 2), (1302, 2), (4155, 2), (9342, 2), (4292, 1), (4145, 1), (3878, 1), (4030, 1), (9357, 1)]
1291: [(2532, 2), (1302, 2), (9601, 1), (3719, 1)]
1292: [(2532, 2), (1302, 2), (1354, 2), (4258, 1), (4244, 1), (2550, 1)]
1293: [(2532, 3), (2540, 3), (1302, 3), (3958, 2), (1354, 2), (1584, 2), (1319, 1), (1325, 1), (3790, 1), (1299, 1)]
1296: [(2532, 2), (1982, 1)]
1297: [(2532, 2), (1302, 2), (1311, 2), (1314, 1), (3719, 1), (1982, 1)]
1298: [(1354, 2), (2532, 2), (1584, 1), (2539, 1), (1982, 1)]
1301: [(2532, 2), (1302, 2), (4241, 1), (1982, 1), (9297, 1)]
1302: [(1982, 6), (1311, 4), (2532, 4), (2533, 4), (1312, 3), (1347, 3), (2513, 3), (2540, 3), (2543, 3), (2032, 3)]
1306: [(2532, 2), (1354, 1)]
1311: [(2532, 3), (2540, 3), (4239, 2), (2545, 2), (1354, 2), (3796, 2), (9312, 2), (2658, 2), (2661, 2), (3953, 2)]
1312: [(2533, 3), (2532, 2), (1354, 2), (2543, 2), (3953, 2), (4242, 2), (1982, 2), (9601, 1), (1320, 1), (2541, 1)]
1318: [(2532, 2), (1982, 1)]
1319: [(3484, 4), (4202, 4), (2123, 4), (1814, 4), (5208, 4), (1982, 4), (1682, 3), (2835, 3), (1948, 3), (2783, 3)]
1323: [(2649, 2)]
1324: [(4259, 2), (2532, 2), (3817, 2), (4245, 2), (3799, 2), (9307, 2), (1982, 2), (3968, 1), (3809, 1), (9429, 1)]
1326: [(2513, 2), (3819, 1), (4172, 1), (9269, 1), (1385, 1)]
1328: [(9504, 2), (2513, 2), (9507, 1)]
1329: [(4089, 2), (4173, 2), (9499, 1), (4335, 1), (4167, 1)]
1334: [(3888, 2), (4190, 2), (2518, 2), (9234, 1), (9508, 1)]
1335: [(9248, 2)]
1337: [(2597, 2), (9568, 1), (9520, 1), (9671, 1), (9516, 1), (1389, 1), (2512, 1), (4306, 1), (3989, 1), (4055, 1)]
1339: [(1978, 3), (2512, 3), (2148, 3), (4330, 3), (9389, 2), (3729, 2), (9236, 2), (4379, 2), (3883, 2), (9264, 2)]
1341: [(1352, 2), (3882, 2), (4006, 2), (3997, 2), (1978, 1)]
1342: [(12001, 2), (3719, 1)]
1347: [(2148, 3), (3754, 3), (2513, 3), (4134, 2), (4136, 2), (4138, 2), (4142, 2), (4146, 2), (5208, 2), (9345, 2)]
1349: [(4173, 2), (4089, 2), (3843, 1), (9574, 1), (4262, 1), (3847, 1), (3881, 1), (3886, 1), (3725, 1), (1392, 1)]
1351: [(9611, 2), (3781, 1), (1352, 1), (1845, 1), (1366, 1), (4314, 1)]
1352: [(3840, 2), (3821, 2), (1845, 2), (2526, 2), (9473, 1), (1731, 1), (3720, 1), (4393, 1), (3851, 1), (9391, 1)]
1354: [(2532, 3), (9434, 2), (9291, 2), (3956, 1), (9647, 1)]
1355: [(4202, 3), (2123, 3), (3888, 3), (1814, 3), (5208, 3), (2300, 3), (1982, 3), (9632, 1), (9232, 1), (4190, 1)]
1361: [(1731, 2), (9611, 2), (1978, 2), (4381, 2), (2564, 1), (4323, 1), (9263, 1), (3763, 1), (4267, 1), (4346, 1)]
1371: [(2530, 2), (4002, 2), (3742, 2), (2607, 1)]
1374: [(2512, 2), (2513, 2), (1584, 1)]
1376: [(4099, 2), (2507, 2), (9495, 2), (4098, 1), (1380, 1), (2629, 1), (4102, 1), (4103, 1), (4105, 1), (4114, 1)]
1403: [(9504, 2), (2596, 2), (3787, 2), (2605, 2), (3745, 1), (1982, 1)]
1407: [(4097, 2), (4314, 2), (1584, 1), (4328, 1), (12906, 1)]
1412: [(2300, 2)]
1424: [(1814, 5), (1982, 5), (2300, 5), (2835, 4), (1948, 4), (7688, 3), (12800, 2), (1677, 2), (10511, 2), (12715, 2)]
1428: [(2300, 2), (3209, 1), (2285, 1), (1550, 1)]
1436: [(7171, 2), (7557, 2), (8730, 2), (1982, 2), (2123, 2), (8656, 2), (4468, 2), (6518, 2), (10363, 2), (13558, 1)]
1441: [(4754, 2), (2305, 1)]
1445: [(4752, 2)]
1446: [(2300, 3), (5158, 2), (5565, 1), (2423, 1)]
1448: [(2300, 2), (1682, 1)]
1450: [(1814, 4), (2783, 4), (1948, 3), (1952, 3), (8742, 3), (1982, 3), (2123, 3), (1881, 3), (1906, 3), (2300, 3)]
1452: [(2300, 2), (1948, 2)]
1454: [(6782, 2), (10504, 1), (7348, 1)]
1463: [(2123, 5), (1814, 4), (1982, 4), (3590, 3), (1673, 3), (3210, 3), (2835, 3), (6278, 3), (5933, 3), (3121, 3)]
1464: [(2300, 2)]
1465: [(2300, 2), (1645, 1), (1982, 1)]
1491: [(3332, 3), (2995, 3), (5865, 3), (2952, 2), (13341, 2), (2223, 2), (1584, 2), (3126, 2), (3644, 2), (3018, 2)]
1492: [(1538, 3), (3590, 3), (3484, 3), (3121, 3), (2378, 3), (1511, 3), (6142, 3), (3473, 2), (5803, 2), (8493, 2)]
1493: [(3537, 3), (2186, 3), (3678, 3)]
1495: [(11302, 2), (3468, 2), (2165, 2), (3126, 2), (11638, 1), (3018, 1), (3484, 1), (1662, 1)]
1498: [(11296, 3), (3129, 3), (3136, 3), (7933, 3), (5764, 2), (6150, 2), (8080, 2), (6290, 2), (8213, 2), (5921, 2)]
1501: [(1538, 3), (3590, 3), (1673, 3), (3210, 3), (5933, 3), (1584, 3), (3121, 3), (6469, 3), (3018, 3), (2123, 3)]
1502: [(3128, 2), (5682, 2), (1581, 2), (3070, 2)]
1503: [(1538, 2), (5895, 2), (1673, 2), (3210, 2), (5933, 2), (3484, 2), (6469, 2), (6437, 2), (5681, 2), (2989, 2)]
1504: [(6275, 2), (2148, 2), (1651, 2), (8277, 2), (6081, 1), (11750, 1), (13441, 1), (11400, 1), (11763, 1), (11825, 1)]
1505: [(6057, 5), (6060, 4), (2126, 4), (3410, 4), (7832, 3), (3604, 3), (6423, 3), (1569, 3), (8366, 3), (2123, 3)]
1506: [(8063, 6), (7937, 5), (1508, 5), (6060, 5), (6057, 5), (2123, 5), (2126, 5), (3410, 5), (1560, 5), (1509, 5)]
1507: [(6041, 2)]
1508: [(6057, 5), (6060, 5), (2126, 5), (3410, 5), (2123, 4), (8313, 3), (3289, 2)]
1509: [(8313, 3)]
1510: [(2989, 2), (3250, 2), (3484, 2), (1693, 2), (1642, 1), (1982, 1)]
1511: [(3484, 8), (1584, 8), (2123, 8), (1982, 7), (8742, 7), (1682, 6), (1948, 6), (2783, 6), (2300, 6), (1538, 4)]
1514: [(3136, 2), (11296, 2), (3129, 2), (7933, 2), (3135, 2), (2123, 1), (8595, 1), (1982, 1)]
1515: [(3136, 2), (11296, 1), (2123, 1), (1982, 1), (3135, 1)]
1518: [(3177, 3), (3050, 3), (2174, 3), (11788, 2), (2957, 2), (2197, 2), (3226, 2), (11472, 2), (3030, 2), (5734, 2)]
1519: [(3108, 4), (1673, 4), (6469, 2), (3210, 2), (3698, 2), (5895, 1), (1645, 1), (1642, 1)]
1521: [(11364, 2), (3078, 2), (3210, 2), (1645, 2), (5933, 2), (6142, 2)]
1522: [(3590, 2), (1544, 2), (3018, 2), (2123, 2), (1584, 2), (3121, 2), (3698, 2), (3484, 2), (3233, 1), (6181, 1)]
1531: [(3136, 2), (11296, 2), (6453, 2), (7933, 2), (3135, 2), (2123, 1), (1982, 1)]
1535: [(2123, 4), (1982, 3), (3590, 2), (3649, 2), (2127, 2), (2148, 2), (1544, 1), (1673, 1), (3210, 1), (5391, 1)]
1537: [(6432, 2), (5987, 2), (3268, 2), (1615, 2), (3218, 2), (3572, 2), (11353, 2), (2207, 2), (8269, 1)]
1538: [(6347, 5), (3590, 4), (2095, 4), (1584, 4), (3121, 4), (2103, 4), (3649, 4), (2123, 4), (2179, 4), (3118, 4)]
1539: [(3108, 2), (6469, 2), (3590, 2), (1544, 2), (1673, 2), (2378, 2), (3121, 2), (3698, 2), (5714, 1), (2159, 1)]
1540: [(11169, 2)]
1542: [(6056, 2), (3237, 2), (5682, 1), (13446, 1)]
1543: [(7808, 2), (6278, 2), (3018, 2), (6460, 2), (3301, 1), (1982, 1)]
1544: [(3590, 2), (1673, 2), (2955, 2), (3018, 2), (3210, 2), (3484, 2), (3108, 2), (3249, 2), (5933, 2), (1584, 2)]
1548: [(11240, 2), (11566, 2), (5712, 2), (7967, 2), (13489, 1), (3442, 1), (3351, 1)]
1549: [(8437, 2), (11638, 2), (1662, 2), (3126, 1), (1584, 1), (3484, 1)]
1550: [(3590, 3), (3484, 3), (3649, 3), (3018, 3), (2123, 3), (11144, 2), (1673, 2), (3210, 2), (5933, 2), (6469, 2)]
1552: [(3040, 2), (2189, 1), (1623, 1)]
1562: [(1581, 3), (3070, 3), (2081, 2), (3137, 2), (2123, 2), (3470, 2), (1618, 2), (1586, 2), (1621, 2), (3484, 2)]
1564: [(1633, 3), (6433, 2), (5769, 2), (3018, 2), (5931, 2), (6452, 2), (3637, 2), (6314, 2), (5796, 1), (7910, 1)]
1569: [(6057, 3), (2126, 2), (2123, 1)]
1570: [(3056, 2)]
1571: [(3590, 2), (5895, 2), (1673, 2), (3210, 2), (5933, 2), (3484, 2), (6437, 2), (3121, 2), (2219, 2), (2989, 2)]
1572: [(5767, 2), (6344, 2), (11531, 2), (2097, 2), (11549, 2), (6376, 1)]
1573: [(6057, 2), (6060, 2), (2126, 2), (3410, 2), (7956, 1), (6041, 1)]
1578: [(3181, 2)]
1581: [(5682, 3), (2168, 3), (3070, 3), (3200, 2), (3120, 2), (3470, 2), (5912, 2), (11288, 2), (2973, 2), (2081, 2)]
1582: [(1584, 2), (2193, 2), (3403, 2), (3676, 2)]
1584: [(1978, 8), (1982, 8), (2300, 7), (1948, 6), (2955, 5), (3018, 5), (2512, 5), (3590, 4), (3719, 4), (2357, 4)]
1585: [(2126, 3), (8136, 1)]
1586: [(1644, 2), (3070, 2)]
1590: [(3011, 2), (2951, 2), (11337, 2), (3338, 2), (8112, 2), (2204, 2), (11812, 1), (5798, 1), (8156, 1), (6435, 1)]
1591: [(3590, 2), (3432, 2), (2121, 2), (2123, 2), (3436, 2), (8493, 2), (3005, 2), (3121, 2), (2163, 2), (2964, 2)]
1594: [(3370, 3), (2138, 3), (2154, 2), (6394, 2), (1978, 2), (7838, 2), (11521, 1), (13483, 1), (8278, 1), (3031, 1)]
1597: [(3691, 3), (5685, 3), (1668, 2), (6149, 2), (2151, 2), (6175, 2), (3143, 2), (2158, 2), (6399, 2), (6365, 2)]
1599: [(6041, 2)]
1601: [(6432, 2), (3268, 2), (6215, 2), (2124, 2), (3020, 2), (8013, 2), (3375, 2), (3256, 2), (2207, 2), (3071, 2)]
1602: [(11199, 2), (11472, 1)]
1603: [(5895, 3), (2095, 3), (6457, 3), (3649, 2), (6019, 2), (2148, 2), (8062, 2), (3590, 2), (1673, 2), (2123, 2)]
1605: [(5891, 2), (7838, 1)]
1607: [(6019, 2), (6152, 2), (3373, 2), (3151, 2), (11475, 2), (2127, 2), (11231, 2), (3688, 2), (8062, 2), (11518, 1)]
1608: [(6208, 2), (3042, 2), (3172, 2), (6093, 2), (11736, 2), (3610, 2), (11512, 1)]
1609: [(2148, 2), (2123, 2), (3121, 2), (3484, 2), (2378, 2), (5865, 1), (1642, 1), (5933, 1), (3698, 1), (3210, 1)]
1613: [(5750, 3), (3126, 3), (11302, 2), (3591, 2), (3018, 2), (7825, 2), (3538, 2), (6323, 2), (2165, 2), (11190, 2)]
1615: [(6432, 2), (3268, 2), (2124, 2), (8013, 2), (5775, 2), (11353, 2), (2207, 2), (3071, 2), (3020, 1)]
1617: [(3484, 2), (1642, 1)]
1618: [(2168, 2), (5682, 2), (3070, 2), (3067, 1), (3180, 1)]
1621: [(3070, 2)]
1623: [(6432, 2), (8162, 2), (3268, 2), (3018, 2), (2124, 2), (3071, 2), (8096, 1), (8261, 1), (2221, 1), (3632, 1)]
1625: [(6469, 2), (3590, 2), (1673, 2), (2123, 2), (5933, 2), (3121, 2), (3698, 2), (3210, 2), (3561, 2), (3018, 2)]
1628: [(3126, 2), (5750, 2), (11302, 1), (2378, 1), (3538, 1), (6323, 1), (3484, 1)]
1629: [(2095, 2), (1653, 1)]
1633: [(3234, 3), (3636, 3), (2948, 2), (8262, 2), (11784, 2), (5769, 2), (3435, 2), (2153, 2), (3209, 2), (8500, 2)]
1640: [(3363, 3), (2181, 3), (7988, 3), (8120, 3), (11814, 2), (8283, 2), (13341, 2)]
1641: [(3181, 2), (8084, 1)]
1642: [(3590, 3), (3121, 3), (2123, 3), (5714, 3), (6347, 3), (2378, 3), (3484, 3), (2095, 2), (2103, 2), (3641, 2)]
1643: [(3136, 2), (3129, 2), (7933, 2), (5746, 1), (3504, 1)]
1644: [(3070, 2)]
1645: [(3078, 2), (11695, 2), (3590, 2), (3117, 2), (2095, 2), (3121, 2), (2103, 2), (11327, 2), (3649, 2), (2121, 2)]
1651: [(3237, 2), (3025, 2), (11584, 1), (13347, 1), (8371, 1), (3235, 1), (13446, 1), (3658, 1), (8243, 1), (2238, 1)]
1652: [(3590, 2), (3018, 2), (2123, 2), (3121, 2), (6198, 2), (3484, 2), (3108, 1), (6469, 1), (1673, 1), (5933, 1)]
1653: [(2179, 2), (3657, 2), (5768, 2), (3216, 2), (3459, 2), (3503, 2), (6019, 2), (6431, 2), (6437, 2), (5895, 2)]
1654: [(3173, 2), (11116, 2), (3212, 2), (6197, 2), (11680, 1), (11088, 1), (5795, 1), (8323, 1), (3593, 1), (11594, 1)]
1661: [(6029, 2), (7840, 2), (6308, 2), (3502, 2), (11451, 2), (6206, 2), (6208, 2), (5702, 2), (6093, 2), (6227, 2)]
1662: [(11638, 3), (6178, 2), (3203, 2), (8103, 2), (6280, 2), (11596, 2), (6295, 2), (8433, 2), (8451, 2), (2105, 2)]
1667: [(3403, 2), (8037, 2), (3018, 1)]
1668: [(3691, 2)]
1673: [(2123, 5), (3121, 4), (2378, 4), (2179, 3), (5933, 3), (2955, 3), (3459, 3), (3108, 3), (3590, 3), (5687, 3)]
1682: [(1814, 7), (1982, 7), (2123, 7), (2783, 7), (2025, 7), (4202, 7), (1948, 6), (8742, 6), (5208, 6), (1881, 6)]
1693: [(3484, 5), (2123, 5), (1814, 4), (1948, 4), (1982, 4), (4202, 4), (2025, 4), (3590, 3), (6437, 3), (3118, 3)]
1695: [(5026, 2), (8707, 2), (6620, 2)]
1696: [(1814, 3), (1948, 3), (1978, 3), (1982, 3), (2123, 3), (2783, 3), (4202, 3), (12710, 2), (2855, 2), (5208, 2)]
1699: [(9014, 2), (1982, 2), (5259, 1), (6927, 1), (6545, 1), (8852, 1), (9111, 1), (12313, 1), (2331, 1), (8605, 1)]
1700: [(10365, 2), (10883, 1), (10214, 1), (12611, 1), (12044, 1), (1998, 1), (7375, 1), (6643, 1), (8980, 1), (10170, 1)]
1702: [(12104, 5), (2783, 5)]
1703: [(2696, 2), (8611, 2), (5170, 1), (7068, 1), (12886, 1)]
1714: [(1814, 4), (1948, 4), (3484, 4), (2300, 4), (4202, 4), (5386, 2), (7060, 2), (9110, 2), (7578, 2), (2476, 2)]
1723: [(3018, 2), (9172, 2), (4694, 2), (1978, 2), (5373, 2), (4762, 1), (2502, 1), (1735, 1), (4911, 1), (1816, 1)]
1731: [(1948, 3), (1814, 3), (5208, 3), (2300, 3), (1982, 3), (2089, 2), (2090, 1), (3790, 1)]
1734: [(9122, 2), (2300, 1)]
1752: [(2025, 2), (6782, 2), (8736, 1), (2498, 1), (10408, 1), (7277, 1), (7005, 1), (12585, 1), (4733, 1)]
1753: [(2300, 2), (2722, 1), (1982, 1)]
1754: [(9206, 2), (1978, 1), (6663, 1)]
1757: [(4717, 2), (4769, 1), (4996, 1), (10567, 1), (8945, 1), (10166, 1), (5599, 1)]
1758: [(2300, 2), (1982, 1)]
1804: [(12273, 2), (2300, 2), (2005, 2), (6198, 1)]
1805: [(1982, 2), (1881, 1), (2257, 1)]
1806: [(3484, 3), (2123, 3), (1982, 2), (2148, 1), (3590, 1), (3210, 1), (11542, 1), (2200, 1), (3108, 1), (2219, 1)]
1812: [(2841, 2), (2387, 1)]
1814: [(1982, 8), (2123, 8), (2783, 8), (4202, 8), (3484, 7), (8742, 7), (5208, 7), (2835, 6), (1948, 6), (2375, 6)]
1815: [(7540, 2), (5108, 1)]
1826: [(1925, 2), (2300, 2), (8850, 2), (5310, 2), (10239, 2), (12161, 1), (8872, 1), (7757, 1), (12691, 1), (5402, 1)]
1830: [(2300, 2), (12713, 1)]
1840: [(2328, 2), (11304, 2)]
1841: [(6827, 2), (9027, 1), (10985, 1), (8922, 1), (10723, 1)]
1845: [(4006, 2), (9254, 2), (3997, 2), (4968, 1), (3724, 1), (5429, 1), (1982, 1)]
1853: [(1948, 2), (9035, 1), (8647, 1)]
1857: [(2300, 2)]
1858: [(5568, 2), (10820, 2), (12681, 1), (9007, 1), (10161, 1), (12820, 1), (7287, 1), (10937, 1), (7642, 1), (5275, 1)]
1866: [(10084, 2), (7398, 1), (7248, 1), (11957, 1), (12507, 1), (8636, 1), (7326, 1), (8703, 1)]
1876: [(6798, 2), (1982, 1)]
1881: [(2025, 6), (4202, 6), (2123, 6), (2835, 6), (3484, 6), (1948, 6), (1982, 6), (2783, 6), (2300, 5), (13152, 2)]
1895: [(4752, 2), (6796, 2)]
1903: [(5381, 2), (2025, 2), (2123, 2), (5208, 2), (1982, 2), (10241, 1), (7500, 1), (10703, 1), (10428, 1), (2037, 1)]
1905: [(2300, 2)]
1906: [(8742, 3), (2123, 3), (2300, 3), (12522, 2), (2841, 2), (5633, 1), (7618, 1), (7619, 1), (5078, 1), (9095, 1)]
1907: [(2025, 5), (2835, 4), (1948, 4), (1978, 4), (1982, 4), (2123, 4), (2783, 4), (4202, 4), (2064, 3), (10060, 3)]
1909: [(2300, 2), (2919, 2)]
1913: [(9792, 2), (4921, 2), (5252, 2), (2005, 2), (2919, 2)]
1916: [(2783, 6), (1948, 5), (1982, 5), (5632, 2), (12297, 2), (10252, 2), (10255, 2), (9747, 2), (10776, 2), (4633, 2)]
1919: [(2300, 2)]
1948: [(8742, 6), (2123, 6), (2783, 6), (2835, 6), (3484, 6), (1978, 6), (1982, 6), (2025, 6), (3665, 5), (2257, 5)]
1952: [(2783, 4), (4202, 3), (2123, 3), (2835, 3), (5208, 3), (2300, 3), (1982, 3), (2512, 2), (2392, 2), (4859, 2)]
1961: [(10651, 2)]
1963: [(3665, 2), (6462, 1)]
1967: [(4752, 2), (1982, 2), (5121, 1), (3082, 1), (4753, 1)]
1970: [(10088, 2)]
1972: [(2300, 2)]
1978: [(1982, 8), (2300, 7), (3781, 5), (3719, 4), (3018, 4), (2148, 3), (7734, 3), (5536, 3), (2074, 2), (9248, 2)]
1982: [(2123, 9), (4202, 8), (8742, 7), (5208, 7), (2783, 7), (2300, 7), (3484, 7), (3665, 6), (2835, 6), (2375, 6)]
1984: [(2012, 3), (2300, 3), (4640, 2), (12724, 2), (7242, 2), (7405, 2), (4502, 1), (9991, 1), (9994, 1), (9100, 1)]
1985: [(2300, 2)]
1987: [(2038, 2), (6786, 1), (12971, 1), (8645, 1), (10028, 1), (9032, 1), (2764, 1), (8842, 1), (9067, 1), (6700, 1)]
1995: [(4543, 2)]
2005: [(2819, 2), (5252, 2), (2447, 2), (4496, 2), (6933, 2), (2912, 2), (12273, 2), (2311, 1), (4489, 1), (10764, 1)]
2006: [(10732, 2), (7288, 1), (2325, 1)]
2010: [(5158, 3), (12560, 2), (4677, 2), (2375, 2), (2894, 2), (11760, 2), (2578, 2), (2560, 1), (2760, 1), (5490, 1)]
2012: [(4480, 2), (10503, 2), (12684, 2), (8983, 2), (4899, 2), (6830, 2), (12219, 2), (9089, 1), (10628, 1), (10501, 1)]
2021: [(10088, 2), (5173, 2), (7047, 2)]
2025: [(2123, 8), (4202, 8), (8742, 7), (5208, 7), (3665, 6), (2357, 4), (7734, 4), (6516, 4), (10060, 4), (6891, 4)]
2032: [(2123, 8), (3484, 7), (2835, 5), (3665, 5), (5208, 5), (2783, 5), (2300, 4), (3121, 3), (3078, 2), (3210, 2)]
2033: [(2783, 2), (10303, 1), (2123, 1), (5590, 1)]
2045: [(6797, 2), (6759, 2), (6640, 1), (7457, 1)]
2061: [(4745, 2)]
2064: [(12986, 2), (7734, 2), (12884, 1), (12396, 1)]
2068: [(4006, 2), (9285, 1)]
2071: [(3121, 2), (6142, 2), (3590, 2), (3078, 2)]
2073: [(3373, 2)]
2074: [(3649, 3), (6019, 3), (3018, 3), (2095, 3), (2127, 3), (3442, 2), (5982, 1)]
2075: [(3056, 2), (11079, 2), (11686, 1)]
2076: [(11745, 2), (3212, 2), (11116, 2), (3325, 2), (13415, 1), (6254, 1), (5682, 1), (8309, 1), (11223, 1), (5880, 1)]
2078: [(3409, 2), (3410, 2), (6060, 2), (2126, 2), (6057, 2)]
2081: [(2168, 2), (3070, 2)]
2084: [(3056, 2), (3071, 2)]
2085: [(3484, 2), (3018, 2), (8577, 1), (6021, 1), (3590, 1), (8459, 1), (8333, 1), (11611, 1), (11162, 1), (8350, 1)]
2086: [(6209, 2), (7973, 2), (11538, 1)]
2087: [(3590, 2), (6278, 2), (3484, 2), (3018, 2), (6460, 2), (3428, 1)]
2088: [(3414, 2)]
2091: [(6432, 2), (8096, 2), (3268, 2), (2124, 2), (2207, 2), (3071, 2), (6194, 1), (5749, 1)]
2094: [(3268, 2), (5991, 2), (2124, 2), (11079, 2), (3020, 2), (3256, 2), (2207, 2), (3214, 1)]
2095: [(5687, 4), (2179, 3), (5895, 3), (3088, 3), (3351, 3), (6431, 3), (6437, 3), (2103, 3), (3517, 3), (3649, 3)]
2097: [(5731, 2), (5767, 2), (8168, 2), (11531, 2), (11724, 2), (11549, 2), (11748, 1), (13484, 1), (11693, 1), (6376, 1)]
2099: [(3103, 2), (3181, 1)]
2102: [(8001, 2), (6344, 2), (11086, 2), (8084, 2), (11254, 2), (2232, 2), (3268, 1), (13335, 1), (11275, 1), (7852, 1)]
2103: [(6437, 4), (3590, 3), (6457, 3), (2378, 3), (3649, 3), (3018, 3), (2123, 3), (2127, 3), (3151, 3), (2148, 3)]
2104: [(3136, 2), (7896, 1)]
2111: [(2300, 2)]
2113: [(6057, 2), (3410, 1), (6060, 1), (2126, 1)]
2117: [(2168, 2), (3070, 2), (3129, 1)]
2119: [(2177, 3), (5847, 3), (2955, 2), (2208, 2), (7812, 1), (6159, 1), (11158, 1), (5784, 1), (8234, 1), (2994, 1)]
2121: [(5803, 2), (3590, 2), (5895, 2), (3210, 2), (5933, 2), (11285, 2), (3228, 2), (7841, 2), (3078, 2), (2219, 2)]
2123: [(3484, 10), (4202, 8), (5208, 7), (2783, 7), (3121, 6), (6278, 6), (3665, 6), (2148, 6), (2835, 6), (2375, 6)]
2124: [(2969, 3), (2203, 3), (2207, 3), (6432, 3), (3375, 3), (3256, 3), (6215, 3), (5991, 3), (3056, 3), (3071, 3)]
2126: [(6060, 6), (3410, 6), (6057, 6), (3132, 5), (11200, 5), (8285, 4), (3574, 4), (6162, 3), (6041, 3), (8366, 3)]
2127: [(2179, 3), (3459, 3), (6431, 3), (7867, 3), (3517, 3), (6347, 3), (3151, 3), (3154, 3), (3286, 3), (2942, 3)]
2134: [(8358, 2), (3126, 2), (13437, 1)]
2136: [(3121, 2), (3250, 2), (3108, 1), (4677, 1)]
2138: [(2204, 2), (3338, 2), (5904, 2), (11337, 2), (2940, 2), (11429, 1), (5862, 1), (11625, 1), (6199, 1), (11508, 1)]
2140: [(6198, 2)]
2141: [(3373, 2), (3525, 1), (3133, 1)]
2147: [(7808, 2), (3484, 2), (3018, 2), (6460, 2), (3301, 1), (3337, 1)]
2148: [(3484, 5), (3121, 5), (3018, 5), (2179, 4), (3590, 4), (3649, 4), (6347, 4), (5933, 3), (6041, 3), (6431, 3)]
2150: [(6056, 2), (3237, 2), (3639, 2), (8105, 1)]
2153: [(3209, 2)]
2154: [(3370, 2), (7838, 2), (13498, 1)]
2155: [(7841, 2), (8098, 2), (11364, 2), (3078, 2), (11481, 2), (3432, 2), (8489, 2), (11787, 2), (11433, 2), (11695, 2)]
2156: [(3023, 2), (3484, 2), (7935, 2), (6016, 1), (3074, 1), (6278, 1), (2992, 1), (13363, 1)]
2158: [(5685, 2), (3287, 2)]
2159: [(3590, 2), (5895, 2), (3210, 2), (2989, 2), (3484, 2), (6437, 2), (2219, 2), (5933, 2), (3118, 2), (3121, 2)]
2163: [(6469, 2), (3561, 2), (3210, 2), (2219, 2), (5933, 2), (3121, 2), (3698, 2), (11285, 2), (3484, 2), (3108, 1)]
2165: [(8480, 2), (8037, 2), (3403, 2), (2193, 2), (3538, 2), (3667, 2), (6389, 2), (3126, 2), (5726, 2), (3649, 1)]
2167: [(3268, 2)]
2168: [(5682, 3), (3070, 3), (3137, 2), (6370, 2), (3120, 2), (11152, 2), (11288, 2), (13392, 1), (7990, 1), (3129, 1)]
2170: [(3126, 2), (8358, 2), (11126, 2), (6375, 1), (2185, 1), (11338, 1), (3340, 1), (5745, 1), (11423, 1)]
2174: [(3177, 3), (8292, 2), (8102, 2), (7816, 2), (7920, 2), (6005, 2), (3645, 2), (11168, 1), (8464, 1), (11715, 1)]
2177: [(5847, 3), (2208, 2), (5682, 2), (7812, 1), (6159, 1), (2967, 1), (5784, 1), (2215, 1), (8234, 1), (2994, 1)]
2179: [(3484, 4), (6437, 4), (3118, 4), (3121, 4), (3018, 4), (6019, 3), (3590, 3), (5895, 3), (6152, 3), (3373, 3)]
2181: [(3181, 3), (5985, 2), (6322, 2), (5740, 2)]
2183: [(3210, 2), (11364, 2), (5933, 2)]
2186: [(3537, 3), (3678, 3), (3422, 2), (8551, 2)]
2187: [(8227, 2), (6023, 2), (3307, 2), (3641, 2), (2300, 2), (6146, 1), (6220, 1)]
2191: [(3590, 2), (3210, 2), (2989, 2), (3484, 2), (6469, 2), (3121, 2), (5933, 2), (5681, 2), (3250, 2), (2378, 2)]
2193: [(8480, 2), (5698, 2), (6155, 2), (3126, 2), (3403, 2), (3667, 2), (3190, 2), (7900, 2), (8037, 2), (3649, 1)]
2197: [(3177, 2), (5734, 2), (2946, 1), (4838, 1)]
2199: [(8001, 2), (11299, 2), (6344, 2), (3245, 2), (3057, 2), (6131, 2), (7958, 2), (2202, 2), (13341, 2), (13318, 1)]
2200: [(11364, 2), (3590, 2), (3078, 2), (3484, 2), (3210, 2), (3308, 2), (3117, 2), (5933, 2), (3121, 2), (3698, 2)]
2201: [(3698, 2), (3590, 2), (5714, 1)]
2202: [(5865, 3), (6281, 2), (5879, 2), (5678, 2), (6063, 2), (13426, 2), (8110, 2), (8120, 2), (11855, 2), (13511, 1)]
2203: [(11309, 3), (2207, 3), (3071, 3), (3020, 2), (11726, 2), (3061, 2), (2224, 1)]
2205: [(3698, 2), (5714, 1)]
2206: [(5685, 2)]
2207: [(3268, 3), (6432, 3), (11309, 3), (3256, 3), (11834, 3), (3056, 3), (3071, 3), (3343, 2), (3218, 2), (3105, 2)]
2208: [(5847, 2), (2967, 1), (2215, 1)]
2209: [(3056, 2), (11509, 2), (11079, 2)]
2211: [(3056, 2), (3161, 2)]
2216: [(6005, 2), (12001, 1), (13476, 1), (8021, 1), (6265, 1)]
2219: [(3236, 2), (6097, 2), (3561, 2), (3210, 2), (5933, 2), (3696, 2), (3121, 2), (2870, 2), (5732, 2), (3005, 2)]
2223: [(2952, 2), (8001, 2), (3181, 2), (3065, 1)]
2224: [(5675, 3), (6422, 3), (7851, 2), (8210, 2), (11232, 1), (11560, 1), (3407, 1), (11801, 1), (11896, 1), (3065, 1)]
2232: [(11712, 2), (11105, 2), (5988, 2), (6182, 2), (6344, 2), (3181, 2), (6325, 2), (7958, 2), (6074, 2), (11132, 2)]
2234: [(3234, 2), (3636, 2), (3181, 1), (3037, 1)]
2235: [(3683, 3), (3365, 3), (5872, 3), (3583, 3), (3106, 2), (3424, 1), (2977, 1), (6440, 1), (2978, 1), (7968, 1)]
2237: [(5732, 4), (3473, 4), (3018, 3), (5872, 3), (2964, 3), (6007, 3), (5824, 2), (5808, 2), (5730, 2), (3367, 2)]
2239: [(3473, 2), (5732, 2), (3382, 2), (6407, 1)]
2241: [(3151, 2), (3088, 2), (3442, 2), (6457, 2), (6031, 2), (3649, 1), (3590, 1), (3698, 1), (5913, 1)]
2244: [(6432, 2), (11169, 2), (3267, 2), (3046, 2), (11079, 2), (11309, 2), (3214, 2), (3056, 2), (3256, 2), (11807, 2)]
2250: [(4752, 2)]
2251: [(2300, 2), (12903, 1), (4553, 1), (9746, 1), (2357, 1), (6999, 1), (4703, 1)]
2257: [(4202, 5), (2835, 5), (2783, 5), (3665, 4), (5208, 4), (2339, 2), (3444, 2), (6684, 1)]
2264: [(2300, 2)]
2278: [(6589, 2), (2341, 2), (5186, 1), (5541, 1), (5138, 1), (10840, 1), (10810, 1)]
2285: [(2300, 3), (5489, 1), (8798, 1), (9937, 1)]
2287: [(10185, 2), (12245, 2), (12292, 1), (12465, 1), (4874, 1), (8909, 1), (10513, 1), (5266, 1), (9033, 1), (13042, 1)]
2293: [(2300, 2)]
2300: [(2375, 5), (4752, 4), (7734, 4), (4538, 3), (6790, 3), (6798, 3), (6799, 3), (4753, 3), (4754, 3), (4755, 3)]
2303: [(2338, 2), (12147, 1), (4747, 1)]
2338: [(4752, 2)]
2339: [(5208, 3), (4202, 3), (8742, 2), (8641, 1), (5301, 1)]
2341: [(7422, 2)]
2349: [(4754, 2), (5108, 2)]
2351: [(6516, 2), (7293, 2), (12884, 1), (12396, 1), (12986, 1)]
2355: [(10084, 2)]
2357: [(3484, 4), (2783, 4), (4202, 4), (5208, 3), (5120, 1), (5250, 1), (8875, 1), (10248, 1), (6914, 1), (7698, 1)]
2374: [(8742, 2)]
2375: [(2835, 5), (2783, 5), (5158, 2), (4677, 1)]
2378: [(3484, 5), (3121, 5), (3018, 5), (3459, 4), (3590, 4), (6060, 3), (5933, 3), (6469, 3), (3282, 3), (6057, 3)]
2404: [(9743, 2)]
2415: [(6497, 2), (5479, 2), (4973, 2), (12731, 2), (4608, 1), (4674, 1), (10948, 1), (10854, 1), (9862, 1), (4456, 1)]
2422: [(7008, 2), (6782, 2)]
2447: [(9792, 2), (4921, 2)]
2452: [(8742, 2), (5208, 1), (4793, 1), (4202, 1)]
2489: [(4753, 2)]
2507: [(4099, 2), (9239, 2), (9491, 1), (3774, 1)]
2508: [(4048, 2), (4121, 2)]
2510: [(2597, 2), (4128, 1), (9326, 1), (3761, 1), (9267, 1), (3989, 1), (2521, 1)]
2512: [(3484, 5), (3719, 3), (2605, 3), (3121, 3), (9276, 3), (6347, 3), (2513, 3), (2563, 2), (5933, 2), (3210, 2)]
2513: [(4202, 4), (2578, 3), (4158, 3), (2563, 2), (3852, 2), (2577, 2), (2579, 2), (2580, 2), (9248, 2), (3746, 2)]
2515: [(9504, 2), (4130, 2), (2621, 2), (2646, 1)]
2518: [(4053, 2), (4186, 2), (3835, 2), (4190, 2), (2559, 2), (9666, 1), (2555, 1), (9231, 1), (3733, 1), (9234, 1)]
2522: [(4202, 2)]
2526: [(3882, 2), (3997, 2), (4006, 2), (5429, 1)]
2528: [(4202, 2)]
2530: [(2605, 2)]
2532: [(2533, 3), (3719, 3), (2540, 3), (3811, 2), (2665, 2), (2535, 2), (3954, 2), (2545, 2), (2546, 2), (9291, 2)]
2533: [(3719, 3), (2657, 2), (2534, 2), (9295, 2), (2546, 2), (4239, 2), (3965, 2), (2655, 2), (3812, 1), (9594, 1)]
2534: [(2552, 2)]
2540: [(2657, 2), (2665, 2), (2666, 2), (2541, 2), (3811, 1), (9301, 1), (9434, 1)]
2541: [(2666, 2), (3809, 1)]
2543: [(4259, 2), (4245, 2), (3799, 2), (3962, 2), (9307, 2), (9590, 1), (4240, 1), (3796, 1), (4246, 1), (9435, 1)]
2546: [(3954, 2)]
2548: [(9434, 2)]
2559: [(3888, 2), (4187, 2)]
2560: [(3744, 2), (9446, 1), (4677, 1), (5158, 1), (9445, 1)]
2561: [(9248, 2), (3888, 1), (3898, 1), (3732, 1)]
2563: [(9504, 2), (3746, 2), (4392, 2), (4202, 2), (3787, 2), (2590, 2), (4044, 1), (2575, 1), (9640, 1), (4052, 1)]
2577: [(2578, 2), (2580, 2), (2581, 1)]
2578: [(2579, 2), (2580, 2), (5158, 2), (12560, 1)]
2579: [(2605, 2)]
2590: [(9504, 2), (4202, 2)]
2591: [(2605, 3), (9504, 2), (4002, 2), (9507, 2), (2603, 2), (4304, 2), (3762, 2), (4086, 2), (2621, 2), (9571, 1)]
2594: [(4543, 2), (9330, 1)]
2596: [(4202, 4), (2599, 2), (2602, 2), (3745, 1), (2627, 1), (9620, 1)]
2597: [(3827, 2)]
2600: [(4202, 2), (3872, 1), (8742, 1)]
2602: [(9314, 2)]
2603: [(9276, 2), (2642, 1)]
2604: [(9276, 2), (2605, 2)]
2605: [(9276, 3), (4202, 3), (4118, 2), (3742, 2), (9504, 2), (4002, 2), (2606, 2), (4165, 2), (4304, 2), (2641, 2)]
2619: [(9254, 2), (3766, 1), (5173, 1), (5429, 1)]
2621: [(9504, 2), (4324, 2), (9567, 1)]
2622: [(2682, 2), (3719, 1)]
2641: [(9507, 2)]
2646: [(4202, 4), (4089, 1), (3742, 1), (4173, 1), (2686, 1)]
2649: [(5158, 3), (3748, 2), (4677, 2), (2654, 2), (3744, 1), (12560, 1), (3795, 1), (3800, 1)]
2682: [(5429, 2), (9641, 1), (3996, 1)]
2683: [(4089, 2), (4173, 2), (3794, 1)]
2686: [(9276, 2)]
2699: [(10821, 2), (10732, 2), (12367, 2), (5091, 1), (5412, 1), (6579, 1), (8910, 1), (4771, 1), (9891, 1), (10774, 1)]
2750: [(7233, 2), (10138, 2), (9218, 1), (12779, 1), (13114, 1), (6977, 1), (7689, 1), (9194, 1), (10923, 1), (13122, 1)]
2752: [(12837, 2), (4745, 1)]
2780: [(6827, 2), (6663, 2), (9221, 1)]
2783: [(4202, 7), (8742, 6), (5208, 6), (2835, 6), (9986, 5), (7140, 5), (12825, 5), (3665, 5), (12631, 5), (7263, 5)]
2819: [(4921, 2)]
2829: [(4997, 2)]
2835: [(3484, 6), (8742, 6), (3665, 5), (2955, 3), (5391, 3), (5108, 3), (5518, 2), (4752, 2), (3121, 2), (3444, 2)]
2842: [(4752, 2)]
2843: [(10035, 2), (10430, 2), (4678, 1), (9704, 1), (8781, 1), (6607, 1), (7480, 1), (12922, 1)]
2870: [(6469, 2), (3590, 2), (3561, 2), (3210, 2), (5933, 2), (3698, 2), (11285, 2), (6198, 2), (3484, 2), (5852, 1)]
2894: [(4978, 2)]
2912: [(2919, 2)]
2919: [(12035, 2), (4496, 2), (4869, 1), (5142, 1), (12183, 1), (5144, 1), (10521, 1), (4897, 1), (4520, 1), (9132, 1)]
2925: [(4180, 2)]
2927: [(4780, 2), (9206, 2), (6777, 2), (4742, 1), (4966, 1), (4649, 1), (5483, 1), (6989, 1), (6511, 1), (5364, 1)]
2938: [(7851, 2), (11254, 2), (2952, 1), (3065, 1), (8283, 1)]
2939: [(8097, 2), (7915, 2)]
2940: [(11337, 2)]
2942: [(3118, 3), (3151, 3), (8062, 3), (3649, 2), (6114, 2), (3088, 2), (3442, 2), (6457, 2), (3588, 1), (8232, 1)]
2948: [(3209, 2), (3234, 2)]
2951: [(11199, 2)]
2952: [(8001, 2), (5865, 2), (3439, 2), (3245, 1), (3407, 1), (7965, 1)]
2955: [(3484, 5), (3210, 3), (5933, 3), (6469, 3), (3590, 3), (3121, 3), (3649, 3), (3018, 3), (3698, 3), (6278, 3)]
2964: [(5732, 4), (8077, 3), (3473, 3), (3018, 3), (3561, 3), (6271, 3), (3587, 2), (3590, 2), (3210, 2), (5933, 2)]
2966: [(11811, 2), (5926, 2), (11880, 2), (3373, 2), (3088, 2), (6168, 2), (3649, 1), (8062, 1)]
2968: [(6057, 2), (3410, 1), (6060, 1), (6041, 1)]
2969: [(3268, 3), (5991, 3), (8013, 3), (8096, 2), (6218, 2), (3214, 2), (8382, 1)]
2970: [(8441, 2), (5678, 2)]
2972: [(3590, 2), (3018, 2), (3023, 2), (3484, 2), (3145, 1), (3350, 1), (8350, 1)]
2973: [(3070, 2)]
2981: [(6432, 2), (8097, 2), (8162, 2), (3268, 2), (5991, 2), (6218, 2), (11079, 2), (8013, 2), (3056, 2), (3256, 2)]
2983: [(3136, 2), (11296, 2), (3129, 2), (7933, 2), (3135, 2), (8213, 1)]
2984: [(3076, 2), (3463, 2), (6029, 2), (5720, 2), (3610, 2), (7840, 2), (6328, 2), (11451, 2), (6206, 2), (8511, 2)]
2989: [(3484, 2), (6431, 2), (3236, 2), (5681, 2), (3250, 2), (3514, 2), (11327, 2), (3649, 2), (6345, 2), (6097, 2)]
2995: [(5675, 3), (6222, 2), (3387, 2), (11679, 2), (8205, 1), (6260, 1)]
2998: [(3332, 3), (3449, 3), (3296, 2), (3663, 2), (3443, 2), (6008, 2), (3194, 2), (3354, 2), (3391, 2), (7781, 1)]
2999: [(6432, 2), (3268, 2), (6215, 2), (8013, 2), (3071, 2), (3046, 1), (8175, 1), (11888, 1)]
3004: [(3106, 2), (6039, 2), (3683, 1), (3583, 1), (3365, 1)]
3005: [(11364, 2), (6469, 2), (3590, 2), (8370, 2), (3561, 2), (3018, 2), (5933, 2), (3121, 2), (3698, 2), (11285, 2)]
3006: [(3698, 2), (3590, 2), (5714, 1)]
3018: [(3121, 5), (3484, 5), (3590, 4), (5732, 4), (6198, 3), (3698, 3), (3193, 3), (3367, 3), (5933, 3), (8496, 3)]
3020: [(8096, 2), (6432, 2), (3268, 2), (3405, 2), (11309, 2), (6200, 2), (3256, 2), (5987, 1), (3105, 1), (6218, 1)]
3023: [(3590, 2), (6347, 2), (5971, 2), (3168, 1), (3531, 1), (6278, 1), (11311, 1), (3284, 1), (3350, 1), (3102, 1)]
3025: [(6056, 2), (3237, 2)]
3026: [(6208, 2), (8422, 2), (6029, 2), (8533, 2), (8280, 2), (3610, 2), (6206, 2), (6027, 1), (13425, 1), (8594, 1)]
3030: [(3177, 2), (3050, 2)]
3036: [(3077, 3), (5895, 3), (3118, 3), (6457, 3), (6437, 3), (3649, 2), (3088, 2), (6019, 2), (3590, 2), (3342, 2)]
3039: [(6227, 2), (3610, 2), (8257, 1), (8580, 1), (6444, 1), (8397, 1), (11418, 1)]
3042: [(3176, 2), (3172, 2), (5930, 1), (5782, 1)]
3043: [(3106, 2), (3683, 1), (3365, 1), (3583, 1)]
3044: [(6057, 3), (3410, 3), (6060, 3), (11174, 2)]
3046: [(6432, 2), (3105, 2), (3268, 2), (11685, 2), (11720, 2), (8013, 2), (11309, 2), (3152, 2), (13496, 2), (3218, 2)]
3050: [(3177, 3), (7946, 2), (11732, 2), (8224, 1), (7925, 1), (8554, 1), (5020, 1), (7837, 1)]
3052: [(11116, 2), (8424, 1), (11402, 1), (11502, 1), (11445, 1), (11740, 1), (6013, 1)]
3056: [(3256, 3), (6432, 3), (8162, 3), (3071, 3), (3081, 2), (11807, 2), (3631, 2), (6218, 2), (3152, 2), (13496, 2)]
3057: [(6182, 2), (3706, 1), (3711, 1)]
3061: [(8097, 2), (8162, 2), (11079, 2), (8074, 2), (8096, 1), (13504, 1), (11568, 1), (5777, 1), (11155, 1)]
3063: [(6432, 2), (3268, 2), (11079, 2), (6215, 2), (3071, 2), (6324, 1)]
3064: [(5990, 2), (11230, 1)]
3066: [(5895, 2), (3088, 1), (3643, 1)]
3067: [(7848, 2), (8003, 1), (5835, 1)]
3068: [(3590, 2)]
3070: [(5682, 3), (3200, 2), (3470, 2), (11288, 2), (5912, 2), (5936, 2), (3619, 2), (8484, 2), (3120, 2), (7858, 2)]
3071: [(6432, 3), (6215, 3), (11079, 3), (3105, 2), (8096, 2), (8074, 2), (3631, 2), (3152, 2), (8401, 2), (3474, 2)]
3076: [(6328, 2), (3633, 2)]
3077: [(5895, 3), (6152, 2), (3186, 2), (6019, 2), (11197, 1)]
3078: [(3590, 2), (3210, 2), (11787, 2), (5933, 2), (3478, 2), (3228, 2), (7841, 2), (8098, 2), (3236, 2), (11433, 2)]
3080: [(3268, 2), (8013, 2)]
3081: [(3353, 2)]
3082: [(11285, 2), (6142, 2), (7494, 1), (3626, 1), (3480, 1), (10459, 1)]
3087: [(11169, 2)]
3088: [(3517, 3), (6347, 3), (3286, 3), (3709, 3), (3459, 2), (3590, 2), (5895, 2), (5768, 2), (6031, 2), (3216, 2)]
3091: [(3123, 2), (8227, 2), (3379, 2), (3641, 2), (13420, 1), (6354, 1), (8149, 1)]
3097: [(6432, 2), (3268, 2)]
3098: [(11638, 2), (3126, 1)]
3103: [(6312, 2), (8250, 2), (8268, 2), (3642, 1)]
3105: [(6432, 2), (3268, 2), (5991, 2), (11079, 2), (8013, 2), (3214, 2), (3375, 2), (6065, 2), (3256, 2), (11834, 2)]
3106: [(5872, 3), (3683, 2), (3365, 2), (6039, 2), (3583, 2), (3484, 2), (7968, 1), (6052, 1), (5708, 1), (3502, 1)]
3108: [(3484, 3), (3121, 3), (6059, 2), (3590, 2), (3210, 2), (3482, 2), (6207, 2), (5933, 2), (6469, 2), (6347, 2)]
3113: [(3129, 2)]
3117: [(11364, 2), (3210, 2), (5933, 2), (3228, 2), (6142, 2), (3427, 1), (11542, 1)]
3118: [(3459, 4), (6437, 4), (5895, 3), (6152, 3), (6019, 3), (3503, 3), (3517, 3), (3649, 3), (3657, 3), (3151, 3)]
3120: [(3566, 2)]
3121: [(3590, 4), (6347, 4), (3210, 3), (6431, 3), (5933, 3), (6198, 3), (4543, 3), (6469, 3), (5732, 3), (3698, 3)]
3122: [(6017, 2), (4838, 2), (3641, 2), (3548, 2), (11426, 1), (11851, 1), (8225, 1), (6321, 1), (11465, 1), (11623, 1)]
3123: [(6017, 2), (6003, 2), (5917, 2), (6023, 1), (3307, 1)]
3126: [(8358, 3), (5750, 3), (11103, 2), (3591, 2), (3468, 2), (11665, 2), (3484, 2), (8480, 2), (6323, 2), (3649, 2)]
3129: [(11296, 3), (3136, 3), (7933, 3), (6150, 2), (11841, 2), (3215, 2), (6290, 2), (5764, 2), (5921, 2), (11437, 2)]
3135: [(5764, 2), (3215, 2), (6290, 2), (11296, 2), (5921, 2), (11437, 2), (6068, 2), (6453, 2), (11791, 2), (3386, 2)]
3136: [(11296, 3), (3639, 3), (7933, 3), (5764, 2), (3215, 2), (6290, 2), (3484, 2), (5921, 2), (7848, 2), (11437, 2)]
3150: [(8098, 2), (11364, 2), (11433, 2), (11820, 2), (5933, 2), (11695, 2), (3696, 2), (3478, 2), (8567, 2), (11481, 2)]
3151: [(3459, 3), (6019, 3), (6431, 3), (6437, 3), (3503, 3), (11452, 3), (3517, 3), (3657, 3), (3286, 3), (7867, 3)]
3152: [(7915, 2), (6432, 2), (5693, 2), (11717, 2), (11079, 2), (5991, 2), (8427, 2), (3256, 2), (11329, 1), (6026, 1)]
3154: [(6019, 3), (6437, 3), (3590, 2), (6152, 2), (3484, 2), (3373, 2), (5768, 2), (6198, 2), (6457, 2), (3649, 2)]
3161: [(11169, 2), (11079, 2), (11535, 1)]
3162: [(3250, 2)]
3169: [(6218, 2), (3268, 2), (11079, 2)]
3171: [(3353, 2), (13345, 2)]
3172: [(3526, 2), (5702, 2), (3463, 2), (3176, 2), (3633, 2), (3292, 2), (11646, 2), (8131, 1), (3624, 1), (7786, 1)]
3173: [(11745, 2), (11116, 2), (11361, 1), (11271, 1)]
3174: [(8227, 2), (6023, 2), (3641, 2), (3548, 2), (13515, 1), (11565, 1), (11277, 1), (11567, 1)]
3176: [(3610, 2), (11646, 2), (8086, 1)]
3177: [(3226, 2), (3181, 2), (5734, 2), (6005, 2)]
3181: [(6422, 3), (3489, 3), (11299, 3), (3245, 3), (7988, 3), (8120, 3), (3662, 3), (3537, 3), (8290, 3), (8163, 3)]
3184: [(8227, 2), (11407, 2), (3641, 2), (3548, 2), (13440, 1), (6146, 1), (13477, 1), (3302, 1), (8169, 1), (13338, 1)]
3189: [(11296, 2), (7933, 2)]
3190: [(3667, 2)]
3191: [(6057, 2), (3410, 1), (6060, 1)]
3193: [(3519, 2)]
3194: [(3663, 2), (3599, 2), (3332, 2), (3391, 2)]
3200: [(5682, 2)]
3203: [(8433, 2), (11638, 2)]
3209: [(6433, 2), (7842, 2), (8500, 2), (8584, 1), (6314, 1), (7790, 1), (6033, 1), (6036, 1), (6037, 1), (11607, 1)]
3210: [(3590, 3), (3484, 3), (5933, 3), (6469, 3), (6347, 3), (5732, 3), (6059, 2), (3308, 2), (7917, 2), (3478, 2)]
3212: [(11116, 2), (3325, 2), (11684, 1), (3402, 1)]
3214: [(6432, 2), (3268, 2), (11077, 1), (11861, 1)]
3215: [(11296, 2), (7933, 2)]
3216: [(6019, 2), (5895, 2), (5768, 2), (6437, 2), (6457, 2), (3442, 2), (6031, 2), (8062, 2), (3590, 1), (3373, 1)]
3218: [(6432, 2), (8097, 2), (3268, 2), (11079, 2), (6218, 2), (8013, 2), (3256, 2), (11834, 2), (11077, 1)]
3224: [(11393, 2), (11079, 2)]
3226: [(3645, 2), (6363, 1), (11182, 1)]
3228: [(3236, 2), (3590, 2), (3532, 2), (3308, 2), (5933, 2), (3310, 2), (11364, 2), (3261, 2), (6142, 2), (3264, 1)]
3231: [(3353, 2), (13345, 2), (11079, 2)]
3234: [(5763, 2), (11784, 2), (5769, 2), (6433, 2), (7842, 2), (6214, 2), (6314, 2), (5931, 2), (6452, 2), (8262, 2)]
3236: [(3590, 2), (11285, 2), (3484, 2), (7841, 2), (5803, 2), (5933, 2), (3250, 2), (6198, 2), (11327, 2), (3649, 2)]
3237: [(6056, 2), (3639, 2), (13347, 1), (6275, 1), (5924, 1), (8294, 1), (11731, 1), (5951, 1)]
3240: [(11603, 2), (11079, 2)]
3245: [(5865, 3), (11619, 3)]
3249: [(3698, 2), (5933, 2), (6469, 2), (3561, 1)]
3250: [(3590, 2), (3484, 2), (6431, 2), (6198, 2), (3514, 2), (3649, 2), (6097, 2), (3282, 2), (8049, 2), (3698, 2)]
3256: [(6432, 3), (8097, 3), (3268, 3), (11079, 3), (3375, 3), (3405, 2), (5934, 2), (3572, 2), (11861, 2), (8100, 2)]
3261: [(11364, 2), (5933, 2), (3427, 1)]
3267: [(3268, 2), (6215, 2)]
3268: [(6432, 3), (8097, 3), (11309, 3), (3375, 3), (6215, 3), (8013, 3), (8162, 3), (3471, 2), (3631, 2), (11685, 2)]
3271: [(8527, 2)]
3274: [(5793, 2), (11163, 1), (3590, 1)]
3276: [(8013, 2), (5934, 2), (11077, 1)]
3281: [(6437, 2), (5895, 2), (6031, 2), (3442, 2), (3351, 2), (6457, 2), (3649, 1), (3590, 1), (5913, 1), (3698, 1)]
3282: [(3698, 3), (3590, 3)]
3284: [(3590, 2), (6049, 1)]
3286: [(3649, 3), (3590, 3)]
3287: [(3416, 2), (5727, 2), (7909, 1), (7850, 1), (4977, 1), (6198, 1), (6365, 1)]
3289: [(6133, 2), (11159, 1)]
3292: [(5702, 2), (3463, 2), (11137, 1)]
3296: [(11466, 2), (11222, 2), (3449, 2), (3458, 1), (5892, 1), (7781, 1), (6126, 1), (7918, 1), (6202, 1), (11803, 1)]
3298: [(11302, 2), (5750, 2), (6323, 1), (11455, 1)]
3305: [(6377, 2), (6142, 2), (8328, 1), (8106, 1)]
3307: [(8227, 2), (6157, 2), (3641, 2), (3548, 2), (3455, 1), (3323, 1), (3327, 1)]
3308: [(11364, 2), (5933, 2), (6142, 2), (3427, 1)]
3310: [(11364, 2), (5933, 2), (3427, 1), (11542, 1)]
3312: [(8329, 2), (11083, 2), (8515, 1), (11783, 1), (5840, 1), (7893, 1)]
3324: [(3641, 2), (8227, 2), (3548, 2)]
3325: [(6057, 2), (5942, 2), (11745, 2), (11116, 2), (7810, 1), (5895, 1), (11756, 1), (6293, 1), (11172, 1), (6437, 1)]
3328: [(11603, 2), (11079, 2)]
3332: [(3449, 3), (3456, 2), (11466, 2), (3443, 2), (11222, 2), (6008, 2), (3644, 2), (11806, 1), (8388, 1), (5910, 1)]
3338: [(7838, 2), (8064, 1), (8336, 1)]
3342: [(3649, 2)]
3343: [(6432, 2), (6215, 2), (6218, 1), (8026, 1), (11077, 1)]
3346: [(6057, 2), (6060, 2), (3410, 2), (6368, 1), (8260, 1), (3551, 1)]
3350: [(6218, 2), (8427, 2)]
3351: [(6437, 3), (5895, 3), (3442, 3), (6457, 3), (3649, 2), (6019, 2), (3590, 2), (6152, 2), (3698, 2), (3373, 2)]
3353: [(13345, 2)]
3354: [(3449, 2)]
3358: [(11116, 2), (3485, 2), (3513, 1), (5797, 1)]
3363: [(5684, 3), (3703, 3)]
3365: [(3683, 3), (3583, 3), (3424, 1), (7968, 1), (5858, 1), (5724, 1), (7985, 1), (6262, 1), (6039, 1), (5786, 1)]
3367: [(5872, 3), (3473, 3), (5732, 2), (3561, 2), (6271, 2), (5713, 1), (3627, 1), (3382, 1), (8585, 1), (7928, 1)]
3370: [(5890, 2), (8596, 2), (6394, 2), (7838, 2), (13333, 1), (8278, 1), (13498, 1)]
3373: [(3649, 3), (3590, 3), (3517, 3), (8251, 2), (5926, 2), (6436, 2), (11880, 2), (6350, 2), (3709, 2), (11811, 2)]
3374: [(8250, 2), (3590, 1)]
3375: [(6432, 3), (11079, 3), (6215, 3), (11834, 3), (8032, 2), (8096, 2), (11173, 2), (8074, 2), (8427, 2), (11169, 2)]
3379: [(3641, 2), (6119, 1)]
3382: [(5732, 3), (3473, 3), (5824, 2), (5808, 2), (5730, 2), (6049, 2), (8238, 2), (5872, 2), (6007, 2), (3561, 1)]
3386: [(11296, 2), (7933, 2)]
3387: [(8001, 2), (6339, 2), (5675, 2), (7885, 2), (11350, 1), (11273, 1), (6223, 1), (6256, 1), (6235, 1), (11477, 1)]
3391: [(3456, 2), (3663, 2), (3449, 2), (6083, 1), (3689, 1), (6032, 1), (6139, 1), (5020, 1)]
3403: [(8480, 2), (5698, 2), (8037, 2), (6155, 2), (3667, 2), (7900, 2), (3649, 1), (3676, 1), (8364, 1), (6477, 1)]
3405: [(6432, 2), (8096, 2)]
3409: [(6423, 2), (5956, 2), (6469, 2), (6060, 2), (3410, 2), (5933, 2), (3698, 2), (6057, 2), (3561, 1), (3530, 1)]
3410: [(6060, 6), (6057, 6), (8285, 4), (3574, 4), (6162, 3), (6041, 3), (8366, 3), (7832, 2), (3625, 2), (8123, 2)]
3412: [(8170, 2), (3649, 1)]
3415: [(6473, 2), (5691, 2), (5925, 1)]
3416: [(5685, 2), (8223, 1)]
3418: [(7909, 2)]
3421: [(11169, 2), (6215, 2)]
3432: [(7841, 2), (3590, 2), (8567, 2)]
3435: [(3636, 2)]
3436: [(6469, 2), (3590, 2), (3561, 2), (5933, 2), (3698, 2), (6198, 2), (11481, 2), (11439, 1), (6072, 1), (5852, 1)]
3439: [(8001, 2), (6464, 1), (11589, 1), (11105, 1), (13376, 1), (11417, 1)]
3442: [(3459, 3), (5895, 3), (6437, 3), (5686, 3), (6457, 3), (6431, 3), (6385, 3), (7795, 3), (6152, 2), (3595, 2)]
3443: [(3449, 2)]
3444: [(8742, 3), (3665, 3), (5569, 1), (8482, 1), (6897, 1), (5391, 1), (4574, 1), (7672, 1), (6782, 1)]
3449: [(3663, 2), (6008, 2), (3599, 2), (11239, 1), (6359, 1), (13395, 1), (11703, 1), (11772, 1)]
3453: [(3698, 2), (3484, 2), (6120, 1)]
3456: [(11401, 2), (3599, 2), (11591, 1)]
3459: [(6437, 4), (3649, 3), (6019, 3), (5895, 3), (6152, 3), (6457, 3), (8062, 3), (6345, 2), (11639, 2), (6031, 2)]
3473: [(5732, 4), (5808, 3), (6007, 3), (6271, 3), (8077, 2), (5787, 2), (11305, 2), (3627, 2), (6190, 2), (5824, 2)]
3478: [(11481, 2), (11364, 2), (5933, 2), (8567, 2)]
3484: [(8742, 7), (3665, 6), (3590, 4), (3649, 4), (6347, 4), (5391, 3), (6198, 3), (4543, 3), (6469, 3), (3698, 3)]
3485: [(11116, 2), (11881, 1)]
3486: [(11079, 2), (11888, 1), (11119, 1), (5855, 1)]
3488: [(6057, 2), (6060, 1), (11390, 1)]
3489: [(8163, 3), (3491, 3), (3703, 3)]
3491: [(8163, 3), (3611, 3), (3662, 3), (3703, 3), (3495, 1)]
3502: [(7840, 2), (8533, 2), (8280, 2), (3610, 2), (3649, 1), (11234, 1), (3683, 1), (6341, 1), (6019, 1), (11323, 1)]
3503: [(6019, 3), (6437, 3), (3649, 2), (5895, 2), (6152, 2), (6031, 2), (5768, 2), (6457, 2)]
3514: [(3649, 2), (5681, 2), (3698, 2), (6457, 2), (11203, 1), (8197, 1), (6120, 1), (8524, 1), (11144, 1)]
3515: [(6432, 2), (11079, 2), (6215, 2), (11309, 2), (5991, 2), (11834, 2), (5841, 1), (3540, 1), (3579, 1)]
3517: [(3649, 3), (6019, 3), (6437, 3), (3590, 3), (8062, 3), (5895, 2), (6152, 2), (11880, 2), (6031, 2), (5768, 2)]
3526: [(8176, 2), (11646, 2)]
3531: [(7808, 2), (6278, 2), (6393, 2), (6460, 2), (7795, 1), (7835, 1)]
3533: [(3574, 3)]
3535: [(6057, 2), (6060, 1), (8313, 1)]
3542: [(3619, 2), (11688, 1), (11100, 1), (8134, 1)]
3548: [(8227, 3), (6344, 2), (5677, 2), (11407, 2), (6224, 2), (5917, 2), (3617, 1), (6055, 1), (8125, 1), (11306, 1)]
3561: [(5732, 3), (3590, 2), (6431, 2), (6049, 2), (8098, 2), (5933, 2), (4543, 2), (6469, 2), (6345, 2), (6097, 2)]
3563: [(8227, 2), (6023, 2), (3641, 2), (13515, 1), (13374, 1), (11391, 1)]
3568: [(6057, 2), (11201, 2), (6060, 1)]
3572: [(6432, 2), (11079, 2), (6218, 2), (5991, 2), (8013, 2), (11835, 2), (8096, 1), (11077, 1)]
3574: [(11552, 4), (6057, 4), (6060, 4), (8536, 4), (8128, 3), (8267, 3), (8022, 3), (8313, 3), (13472, 2), (11111, 2)]
3579: [(11834, 2), (6215, 2), (13504, 1)]
3583: [(3683, 3), (3712, 1), (7968, 1), (5858, 1), (6702, 1), (7985, 1), (6262, 1), (5786, 1), (5724, 1), (7901, 1)]
3590: [(3649, 4), (6347, 4), (6198, 3), (5732, 3), (3698, 3), (6431, 3), (5933, 3), (6469, 3), (8025, 3), (6142, 3)]
3591: [(8358, 2), (5705, 1), (5963, 1), (8550, 1)]
3595: [(6437, 2), (5895, 2), (6152, 2), (6457, 2), (6019, 1), (6246, 1), (6031, 1), (5768, 1), (11102, 1)]
3599: [(11401, 2), (6083, 1), (11140, 1), (6117, 1), (11239, 1), (5711, 1), (11216, 1), (11222, 1), (3689, 1), (11236, 1)]
3601: [(5722, 2), (5691, 2), (7846, 1), (5959, 1), (11343, 1), (5712, 1), (11166, 1)]
3604: [(6041, 3)]
3610: [(6208, 2), (8280, 2), (7912, 2), (6093, 2), (8560, 2), (3633, 2), (8533, 2), (6328, 2), (8511, 2), (11234, 1)]
3611: [(3703, 3), (4892, 2)]
3625: [(6057, 2)]
3627: [(6271, 2)]
3631: [(6432, 2), (8096, 2), (11079, 2), (6215, 2), (11834, 2), (5831, 1), (6087, 1)]
3636: [(7842, 2), (5763, 2), (6214, 2), (11784, 2), (5769, 2), (6314, 2), (8500, 2), (8036, 1), (11340, 1), (11887, 1)]
3639: [(11296, 2), (6275, 2), (6056, 2), (8277, 2), (7933, 2), (8371, 1), (8105, 1), (11114, 1), (11824, 1), (8243, 1)]
3641: [(8227, 3), (6017, 2), (6023, 2), (6157, 2), (11407, 2), (5917, 2), (5677, 2), (6224, 2), (6003, 2), (6146, 1)]
3643: [(3649, 2), (6019, 1), (6285, 1), (6414, 1), (7952, 1), (8085, 1), (11287, 1), (6040, 1), (7843, 1), (8236, 1)]
3644: [(11401, 2), (3663, 2), (8548, 1), (11591, 1), (6221, 1), (13453, 1), (11803, 1)]
3646: [(4892, 2), (4543, 1)]
3649: [(6347, 4), (6431, 3), (6437, 3), (5687, 3), (3698, 3), (6019, 2), (5895, 2), (6152, 2), (8480, 2), (6385, 2)]
3657: [(6019, 3), (6437, 3), (5768, 2), (6031, 2), (8592, 2), (6457, 2), (6184, 1), (8089, 1)]
3663: [(6344, 2), (13453, 1), (6094, 1), (11286, 1), (6456, 1), (6430, 1)]
3665: [(4202, 6), (5208, 6), (5391, 3), (6782, 2), (5633, 1), (8482, 1), (7672, 1), (5569, 1), (6897, 1), (4574, 1)]
3667: [(8480, 2), (5698, 2), (8037, 2), (7900, 2), (5792, 1), (3676, 1)]
3672: [(11619, 3), (7915, 2)]
3674: [(6049, 2), (5732, 2), (8450, 1)]
3678: [(6344, 2)]
3691: [(7909, 2), (5685, 2), (8223, 2), (5730, 1), (5864, 1), (11635, 1)]
3694: [(6019, 2), (6437, 2), (5895, 2), (5768, 2), (6031, 2), (6457, 2), (6152, 1), (3698, 1)]
3696: [(7841, 2), (11364, 2), (6469, 2), (11820, 2), (5933, 2), (11285, 2), (6198, 2), (8567, 2), (11481, 2), (11327, 2)]
3698: [(5933, 3), (6469, 3), (6347, 3), (5732, 3), (6431, 2), (6437, 2), (6059, 2), (11311, 2), (6198, 2), (5686, 2)]
3709: [(5856, 2), (8592, 2), (6019, 2), (6437, 2), (5926, 2), (5895, 2), (5768, 2), (6031, 2), (6352, 2), (11880, 2)]
3719: [(4121, 2), (4097, 1), (9220, 1), (5633, 1), (9483, 1), (4237, 1), (9621, 1), (4249, 1), (3747, 1), (9517, 1)]
3728: [(4330, 2), (12001, 1), (9316, 1), (9614, 1), (9287, 1)]
3738: [(4121, 2)]
3740: [(4202, 5)]
3744: [(3835, 2), (4184, 1), (9288, 1), (9449, 1)]
3746: [(9504, 2), (4202, 2)]
3747: [(9560, 2), (4317, 1)]
3754: [(5208, 2), (4032, 1), (9345, 1), (3906, 1), (4134, 1), (4072, 1), (4066, 1), (4021, 1), (3899, 1), (4085, 1)]
3762: [(9504, 2), (4130, 2), (4202, 2)]
3767: [(4202, 3)]
3770: [(4314, 2), (3910, 1)]
3776: [(4040, 2)]
3777: [(4202, 3)]
3781: [(5208, 4), (4024, 2), (4027, 2), (3902, 2), (4351, 2), (3984, 1), (9370, 1)]
3787: [(4392, 2), (3852, 2), (4094, 1)]
3789: [(4006, 2)]
3790: [(11971, 2), (10223, 2), (9476, 1)]
3818: [(4179, 2), (4171, 1), (9324, 1), (4347, 1)]
3821: [(3997, 2), (4006, 2), (5429, 1)]
3835: [(4186, 2), (4129, 1), (3906, 1), (4007, 1), (9449, 1), (3911, 1), (9634, 1), (4184, 1), (9693, 1), (9447, 1)]
3840: [(3882, 2), (3997, 2), (4006, 2), (4117, 1)]
3842: [(4383, 2), (9511, 1)]
3870: [(9504, 2), (4130, 2), (4202, 2)]
3882: [(4006, 2), (9254, 2), (9583, 2), (9473, 1), (9610, 1), (9677, 1), (9680, 1), (4341, 1), (9565, 1)]
3883: [(9236, 2), (9389, 2), (9512, 1), (9627, 1), (9509, 1)]
3888: [(5208, 4), (4053, 2), (9633, 1), (9634, 1), (9443, 1), (9639, 1), (4008, 1), (9226, 1), (4331, 1), (9230, 1)]
3939: [(5429, 2), (9086, 2), (9577, 1)]
3990: [(4202, 5), (9474, 1)]
3997: [(4006, 2), (9610, 1), (9580, 1), (9391, 1), (9680, 1), (4341, 1), (9242, 1), (9564, 1), (9629, 1)]
4006: [(9254, 2), (9583, 2), (9629, 1), (4341, 1)]
4024: [(4029, 3), (4355, 1)]
4040: [(4202, 4)]
4048: [(7633, 2), (9466, 1), (9476, 1), (4401, 1)]
4053: [(4314, 2)]
4054: [(4315, 2), (4308, 2), (9321, 1)]
4057: [(4305, 2)]
4059: [(5173, 2)]
4086: [(9276, 2)]
4093: [(9264, 2), (5429, 2)]
4097: [(4314, 2), (9490, 1)]
4118: [(4305, 2)]
4121: [(9464, 2), (12001, 2), (9517, 2), (4178, 1)]
4130: [(4324, 2), (9272, 2), (9665, 1), (9411, 1), (4263, 1), (9392, 1), (4344, 1), (9395, 1), (9332, 1), (9687, 1)]
4132: [(5173, 2)]
4134: [(4138, 2)]
4146: [(9370, 2)]
4158: [(4308, 2), (4235, 1), (4196, 1), (9321, 1), (9483, 1), (9581, 1), (9398, 1), (4381, 1)]
4165: [(4305, 2), (9276, 2)]
4179: [(9248, 2)]
4180: [(8044, 2), (9251, 1)]
4202: [(8742, 7), (5208, 7), (5536, 3), (9668, 3), (5391, 3), (9616, 3), (7734, 3), (9276, 3), (9504, 2), (5518, 2)]
4245: [(4256, 2)]
4256: [(4259, 2)]
4282: [(9370, 2)]
4299: [(4330, 2), (9247, 2)]
4304: [(9276, 2)]
4305: [(9452, 2)]
4312: [(4343, 2), (9465, 1), (9642, 1)]
4314: [(9560, 2)]
4330: [(9086, 3), (9283, 2), (9236, 2), (11553, 1), (9278, 1)]
4343: [(9507, 2)]
4379: [(5429, 2)]
4381: [(9611, 2), (9624, 1)]
4403: [(4755, 2)]
4405: [(13563, 2), (9921, 1), (10509, 1), (10313, 1)]
4433: [(5208, 2)]
4458: [(10894, 2), (5123, 1)]
4468: [(7261, 2)]
4474: [(6797, 2), (6798, 2)]
4480: [(4753, 2)]
4491: [(12069, 2), (9766, 2), (12593, 1), (6198, 1), (5080, 1), (12794, 1), (10301, 1)]
4496: [(4921, 2)]
4517: [(12943, 2)]
4521: [(7275, 2), (7286, 2), (10090, 1), (5242, 1), (6198, 1)]
4528: [(5158, 2), (5491, 1)]
4543: [(6469, 2), (5933, 2), (6933, 2), (8549, 2), (8714, 1), (12499, 1), (9415, 1), (6666, 1), (9643, 1), (5422, 1)]
4594: [(4752, 2)]
4596: [(5173, 2)]
4603: [(4754, 2)]
4624: [(6782, 2), (6706, 1), (7566, 1)]
4626: [(10590, 2)]
4675: [(8742, 2), (4766, 2), (7493, 1)]
4677: [(12522, 2), (5158, 2), (9349, 1)]
4741: [(10124, 2)]
4745: [(5158, 2), (4836, 1), (12837, 1), (8784, 1), (5014, 1), (13532, 1), (4894, 1)]
4752: [(5557, 2), (6582, 2), (7382, 2), (10992, 2), (4865, 1), (13186, 1), (10116, 1), (12841, 1), (5057, 1), (10120, 1)]
4753: [(8983, 2), (7242, 2), (9216, 1), (13569, 1), (10244, 1), (12423, 1), (6795, 1), (7054, 1), (7184, 1), (9876, 1)]
4754: [(6600, 2), (6915, 1), (12676, 1), (8838, 1), (8839, 1), (5135, 1), (5400, 1), (6812, 1), (12455, 1), (5552, 1)]
4755: [(5005, 2), (10928, 2), (5369, 2), (8800, 1), (10272, 1), (9187, 1), (9060, 1), (10625, 1), (5097, 1), (5451, 1)]
4780: [(5076, 2)]
4805: [(5573, 2)]
4830: [(13291, 2)]
4838: [(8163, 2), (5429, 2), (8011, 1), (5516, 1), (9711, 1), (5758, 1), (8575, 1)]
4892: [(8290, 2), (6003, 2), (8110, 1), (13487, 1), (5683, 1), (7855, 1)]
4901: [(12245, 2)]
4904: [(12245, 2), (7497, 1)]
4921: [(12035, 2), (5252, 2), (12273, 2), (6859, 1), (10764, 1), (7086, 1), (7609, 1), (5404, 1), (12925, 1), (10238, 1)]
4976: [(7738, 2), (10342, 1)]
4981: [(8742, 3)]
4997: [(6782, 2)]
5028: [(11431, 2), (8324, 1), (7798, 1), (8454, 1), (13363, 1), (11862, 1)]
5076: [(9206, 2), (6777, 2), (7482, 2), (12555, 1), (7347, 1), (6950, 1), (12780, 1), (6602, 1), (8907, 1), (12332, 1)]
5083: [(5084, 2), (6790, 2), (5158, 2), (9792, 1)]
5103: [(10061, 2)]
5116: [(6782, 2)]
5128: [(5612, 2)]
5153: [(10121, 2), (5581, 2)]
5158: [(11472, 3), (12522, 2), (9792, 1), (11760, 1), (9349, 1), (12560, 1), (10798, 1), (10590, 1)]
5173: [(10088, 2), (7047, 2), (8870, 1), (9287, 1), (12285, 1), (10014, 1)]
5208: [(8742, 6), (12941, 3), (5391, 3), (5536, 2), (12791, 2), (5518, 2), (7734, 2), (6782, 2), (6869, 2), (5633, 1)]
5348: [(7734, 2), (6782, 2)]
5373: [(12943, 2), (12558, 1)]
5383: [(12106, 2), (8711, 1), (12235, 1), (7597, 1), (8847, 1), (7120, 1), (7409, 1), (12634, 1)]
5429: [(8742, 2), (9250, 1), (9416, 1), (9641, 1), (9557, 1), (9246, 1)]
5495: [(10124, 2)]
5502: [(10564, 2), (7170, 1), (7734, 1), (9855, 1)]
5516: [(8202, 2), (8078, 2), (11600, 1), (8532, 1)]
5569: [(6782, 2)]
5612: [(12106, 2), (6669, 2), (8975, 2), (9697, 1), (12803, 1), (12129, 1), (9896, 1), (11944, 1), (7194, 1), (13295, 1)]
5618: [(6782, 3), (12247, 2), (12869, 1), (8806, 1), (8807, 1), (12442, 1)]
5675: [(8001, 3), (8387, 3), (6344, 3), (6422, 3), (11254, 2), (6439, 2), (7885, 2), (8110, 2), (6131, 2), (7988, 2)]
5677: [(8227, 2), (11465, 1)]
5678: [(8441, 3), (5684, 3), (11582, 2)]
5681: [(6097, 2), (11464, 1), (8197, 1), (11095, 1)]
5682: [(5936, 2), (7858, 2), (5912, 2), (13392, 1), (8293, 1), (11406, 1), (11672, 1), (11188, 1), (5909, 1)]
5683: [(11116, 2), (13409, 1)]
5684: [(8441, 3)]
5685: [(6175, 2), (6365, 2), (5727, 2), (7909, 1)]
5686: [(6437, 3), (5895, 3), (6457, 3), (6019, 2), (6152, 2), (6031, 2), (5768, 2), (5913, 2), (11205, 2), (6020, 1)]
5687: [(6457, 3), (5895, 3), (6152, 2), (5768, 2), (6031, 2)]
5691: [(6152, 2), (6400, 1), (13493, 1), (13348, 1), (11410, 1), (5895, 1), (5801, 1), (7849, 1), (5927, 1), (5965, 1)]
5692: [(5704, 2), (8089, 2), (11479, 1), (8069, 1), (5801, 1)]
5693: [(6215, 2), (5991, 2)]
5698: [(8037, 2)]
5702: [(5720, 2)]
5712: [(11240, 2), (11566, 2), (7967, 2), (8025, 1), (5807, 1)]
5720: [(8160, 2)]
5726: [(11302, 2), (5750, 2)]
5730: [(5732, 2), (6049, 1), (6190, 1)]
5731: [(11823, 2), (5767, 2)]
5732: [(6049, 3), (6469, 3), (6271, 3), (5933, 3), (6007, 3), (5824, 2), (11267, 2), (11305, 2), (8238, 2), (5808, 2)]
5740: [(8001, 2), (11618, 2), (6344, 2), (11274, 2), (6422, 2), (6141, 2), (8420, 1), (5985, 1), (11275, 1), (11889, 1)]
5745: [(7911, 2), (6375, 2), (13316, 1), (13438, 1)]
5750: [(11302, 2), (11665, 2), (6389, 2), (6398, 2), (11103, 2), (5958, 1), (5915, 1)]
5751: [(11296, 2), (7933, 2)]
5754: [(6271, 2), (5824, 1), (8409, 1)]
5755: [(7841, 2), (11364, 2), (6469, 2), (5803, 2), (5933, 2), (11285, 2), (6241, 1), (5852, 1), (11542, 1), (6268, 1)]
5764: [(11296, 2), (7933, 2)]
5767: [(11823, 2)]
5768: [(6019, 2), (6437, 2), (5895, 2), (6031, 2), (6385, 2), (7795, 2), (6457, 2), (7867, 2), (11452, 2), (8062, 2)]
5775: [(11169, 2)]
5778: [(5794, 2), (11475, 2), (6106, 2)]
5780: [(5865, 2)]
5785: [(6041, 2), (6133, 2)]
5787: [(6271, 2), (8448, 1)]
5794: [(11475, 2)]
5803: [(7841, 2), (8098, 2), (11364, 2), (6469, 2), (5933, 2), (6129, 2), (6241, 1), (5869, 1), (6268, 1)]
5808: [(5872, 2), (13344, 2), (6049, 2), (6007, 2), (6140, 1)]
5813: [(6041, 2)]
5821: [(6057, 2), (6060, 1)]
5823: [(11169, 2)]
5827: [(6271, 2)]
5836: [(6479, 2)]
5838: [(11129, 2)]
5844: [(6133, 2)]
5856: [(6352, 2), (8592, 2), (6347, 2), (6019, 1)]
5865: [(8001, 3), (11619, 3), (8553, 3), (6422, 3), (6080, 2), (11330, 2), (7851, 2), (6322, 2), (6388, 2), (8376, 2)]
5872: [(6007, 2), (8075, 1), (8497, 1), (6386, 1), (9020, 1), (7933, 1)]
5878: [(11296, 2), (7933, 2)]
5879: [(8001, 2), (8387, 2), (13386, 1)]
5890: [(8596, 2), (7838, 2), (8214, 1)]
5893: [(6057, 2), (6423, 2), (6041, 1), (6060, 1)]
5895: [(6437, 3), (6385, 3), (7795, 3), (6457, 3), (6431, 3), (6019, 2), (6152, 2), (8365, 2), (6031, 2), (6106, 2)]
5904: [(8112, 2), (8034, 1), (6435, 1), (5908, 1), (11525, 1)]
5913: [(7795, 2), (6437, 2), (11205, 2), (6097, 1)]
5921: [(11296, 2), (7933, 2), (11506, 1)]
5926: [(11811, 2), (6436, 2), (6350, 2), (8501, 2), (6168, 2), (8025, 2), (8251, 2), (7867, 1), (8062, 1)]
5933: [(6469, 3), (6347, 3), (7811, 2), (11285, 2), (6431, 2), (7841, 2), (8098, 2), (11433, 2), (6059, 2), (11695, 2)]
5934: [(6432, 2), (8162, 2), (11834, 2)]
5941: [(7912, 2), (11428, 2), (8533, 2)]
5942: [(11745, 2), (11116, 2), (11271, 1)]
5956: [(6057, 3), (6060, 2)]
5983: [(11079, 2)]
5985: [(13516, 2)]
5987: [(6218, 2), (11396, 2), (8162, 2), (8470, 2), (6215, 2)]
5988: [(6074, 2)]
5990: [(6431, 2), (11522, 1), (11546, 1)]
5991: [(6432, 3), (8013, 3), (6218, 2), (6200, 2), (6378, 2), (6006, 1)]
6001: [(8202, 2), (8078, 2)]
6007: [(6049, 3), (6271, 3), (11367, 2), (6175, 1)]
6011: [(6057, 3), (6162, 1), (8566, 1)]
6019: [(6437, 3), (6239, 3), (7867, 3), (11452, 3), (8062, 3), (6431, 3), (6152, 2), (13353, 2), (6031, 2), (8592, 2)]
6020: [(7780, 2), (6347, 1)]
6023: [(8227, 2), (6157, 2), (11407, 2), (6390, 1), (6132, 1), (8342, 1), (13368, 1), (13477, 1)]
6028: [(8001, 2), (6422, 2)]
6031: [(6437, 2), (6385, 2), (7795, 2), (6457, 2), (7867, 2), (11452, 2), (8062, 2), (6431, 2), (11300, 1), (6152, 1)]
6041: [(8063, 4), (6057, 3), (6470, 2), (8399, 2), (11390, 2), (8566, 2), (8058, 2), (11805, 2), (7962, 2), (6304, 1)]
6049: [(11267, 2), (11527, 1), (8423, 1), (7845, 1), (7951, 1)]
6057: [(6060, 6), (13414, 5), (8366, 4), (8285, 4), (8136, 3), (6475, 3), (6162, 3), (6423, 3), (7832, 3), (6112, 2)]
6059: [(6469, 2)]
6060: [(8285, 4), (8366, 3), (6162, 3), (6475, 2), (6133, 2), (7832, 2), (11526, 1), (6191, 1)]
6063: [(8001, 2), (8434, 2), (8387, 2), (6422, 2)]
6065: [(6432, 2)]
6068: [(11296, 2), (7933, 2)]
6074: [(11712, 2), (6182, 2)]
6091: [(11296, 2), (7933, 2)]
6097: [(8480, 2), (6469, 2), (11285, 2), (6437, 2), (11203, 1), (8037, 1), (6120, 1), (8524, 1), (8197, 1)]
6106: [(6431, 3), (8242, 1), (8439, 1), (11692, 1), (7989, 1)]
6129: [(7841, 2), (6241, 1)]
6131: [(6222, 2)]
6133: [(6310, 2), (11431, 2), (11392, 1), (6470, 1), (11592, 1), (11662, 1), (11749, 1)]
6137: [(6218, 2)]
6141: [(11808, 2), (8001, 2), (11712, 1), (6326, 1)]
6142: [(6431, 3), (11718, 2), (6409, 2), (11820, 2), (8489, 2), (8039, 1), (7791, 1), (8272, 1), (6412, 1), (11578, 1)]
6150: [(11296, 2), (7933, 2)]
6152: [(6437, 3), (6431, 3), (6385, 2), (7795, 2), (6457, 2), (8062, 2), (13480, 1), (6373, 1)]
6155: [(8037, 2)]
6157: [(8227, 2)]
6162: [(11098, 2), (11493, 1), (11478, 1), (8092, 1), (13470, 1), (8447, 1)]
6168: [(6436, 2), (11880, 2), (6350, 2), (8501, 2), (8025, 2), (8251, 2), (7867, 1), (8062, 1)]
6178: [(11638, 2)]
6180: [(11513, 2)]
6182: [(11132, 2)]
6198: [(8098, 2), (6469, 2), (6345, 2), (11452, 2), (11624, 1), (8524, 1), (13325, 1), (11282, 1), (11382, 1), (7995, 1)]
6200: [(8097, 2), (11834, 2), (8013, 2)]
6208: [(11428, 2), (6328, 2), (8533, 2), (8280, 2), (7912, 2), (8042, 2), (11650, 1), (7959, 1), (11427, 1), (8499, 1)]
6209: [(7864, 2), (7973, 2)]
6211: [(8444, 2), (7933, 2)]
6214: [(8307, 2), (11268, 1)]
6215: [(6432, 3), (8013, 3), (11436, 2), (6324, 2), (11861, 2), (11329, 1), (11077, 1), (8298, 1), (11211, 1), (11128, 1)]
6218: [(6432, 2), (8013, 2), (11253, 2), (8096, 1), (11077, 1), (8233, 1), (13486, 1), (8401, 1), (11155, 1)]
6222: [(11254, 2), (11679, 2)]
6224: [(8227, 2)]
6227: [(8558, 2)]
6233: [(11638, 2)]
6242: [(11513, 2)]
6257: [(7933, 2)]
6264: [(8001, 2), (8387, 2), (6422, 2)]
6275: [(8277, 2), (13441, 1), (11750, 1), (11825, 1), (11763, 1), (13340, 1)]
6278: [(7808, 2), (11311, 2), (6393, 2), (6460, 2), (7935, 1), (6702, 1), (6478, 1), (11701, 1), (7835, 1), (6431, 1)]
6281: [(11808, 2), (8001, 2), (11483, 2), (11398, 1)]
6288: [(11169, 2)]
6290: [(11296, 2), (7933, 2)]
6295: [(11638, 2), (11758, 1)]
6296: [(8561, 2), (11603, 2)]
6308: [(7912, 2), (8280, 2)]
6311: [(8242, 2), (7883, 2), (7880, 1)]
6312: [(8250, 2), (8268, 2), (8017, 1)]
6322: [(11849, 2)]
6323: [(11665, 2)]
6330: [(11638, 2)]
6339: [(6344, 2), (11106, 2), (7885, 2), (11657, 1)]
6344: [(6422, 3), (6439, 2), (8110, 2), (7983, 2), (8373, 2), (11712, 2), (11724, 2), (8441, 2), (8284, 2), (11618, 2)]
6345: [(11327, 2), (6469, 2), (11203, 1), (8197, 1), (8524, 1), (11087, 1)]
6347: [(6469, 3), (8592, 3), (6352, 2), (13353, 2), (11627, 2), (7798, 2), (7780, 1), (13505, 1)]
6350: [(11880, 2)]
6352: [(8592, 2)]
6375: [(8358, 2), (11446, 1)]
6378: [(6432, 2), (8097, 2), (11079, 2)]
6385: [(6457, 3), (6437, 3), (6431, 3), (8062, 2), (8592, 1)]
6388: [(7988, 2)]
6389: [(11302, 3), (11665, 2), (8203, 1), (8381, 1)]
6393: [(7808, 2), (11311, 2), (6460, 2), (11701, 1), (6431, 1), (7935, 1)]
6394: [(7838, 2), (11832, 1), (11617, 1), (8214, 1)]
6398: [(11302, 2)]
6422: [(8001, 3), (11808, 2), (11106, 2), (8230, 2), (11274, 2), (8434, 2), (11123, 2), (11254, 2), (11483, 2), (11273, 1)]
6431: [(6457, 3), (6469, 2), (11144, 2), (13353, 2), (8458, 2), (8049, 2), (11327, 2), (7808, 1), (11203, 1), (8039, 1)]
6432: [(8097, 3), (8162, 3), (11079, 3), (8013, 3), (11834, 3), (8096, 2), (11685, 2), (11861, 2), (11329, 1), (8233, 1)]
6436: [(11880, 2), (11811, 2), (8062, 1)]
6437: [(6457, 3), (7795, 3), (11452, 3), (8062, 3), (11205, 2)]
6439: [(11106, 2), (11461, 1), (8081, 1), (11219, 1), (11708, 1), (8287, 1)]
6453: [(11296, 2), (7933, 2)]
6457: [(7795, 3), (8098, 2), (8365, 2), (7867, 2), (11452, 2), (8062, 2), (8164, 1), (11765, 1)]
6460: [(7808, 2), (7935, 1)]
6469: [(7841, 2), (8098, 2), (11364, 2), (8552, 2), (7917, 2), (8272, 2), (12609, 2), (11285, 2), (7839, 2), (7814, 1)]
6479: [(11144, 2), (13337, 1), (8524, 1)]
6487: [(6796, 2)]
6509: [(12069, 2), (9766, 2), (10121, 2), (8811, 2), (12460, 2), (7490, 1), (12683, 1), (7299, 1), (6890, 1), (7155, 1)]
6516: [(7293, 3)]
6533: [(12926, 2), (9762, 1), (7464, 1), (13066, 1), (12921, 1), (13151, 1)]
6597: [(7209, 2), (10155, 2), (12173, 2), (9092, 1), (7621, 1), (10824, 1), (6698, 1), (13189, 1), (12959, 1)]
6663: [(7567, 2), (12683, 1), (10662, 1), (8808, 1), (10090, 1), (8779, 1), (12328, 1), (12404, 1), (8725, 1), (12788, 1)]
6702: [(8496, 2), (11144, 2), (8524, 1), (8197, 1)]
6703: [(10952, 2), (10124, 2), (6797, 2)]
6782: [(8742, 3), (7008, 2), (6785, 2), (7108, 2), (6937, 2), (13186, 1), (7672, 1), (8482, 1), (7566, 1), (7277, 1)]
6796: [(10992, 2), (10528, 1), (7248, 1), (6818, 1), (10337, 1), (12909, 1), (10593, 1), (10370, 1), (12686, 1), (7631, 1)]
6797: [(10097, 2), (8698, 2), (12360, 1), (8971, 1), (11000, 1), (10928, 1), (7029, 1), (6904, 1), (9214, 1)]
6798: [(9800, 2), (10562, 1), (10980, 1), (7628, 1), (9000, 1), (10869, 1), (7356, 1)]
6817: [(8787, 2)]
6852: [(8609, 2)]
6859: [(9896, 2), (7567, 2), (7722, 1), (7659, 1), (9222, 1)]
6886: [(9122, 2)]
6888: [(8707, 2)]
6933: [(9889, 2)]
7140: [(13095, 4)]
7165: [(10083, 2), (10084, 1), (13526, 1)]
7209: [(12173, 2)]
7275: [(7286, 2), (10916, 1), (9222, 1), (7469, 1), (12082, 1), (10773, 1), (12280, 1)]
7304: [(10083, 2), (7472, 1)]
7407: [(9202, 2), (9982, 2), (11936, 1), (8961, 1), (13570, 1), (8867, 1), (12350, 1), (7442, 1), (9790, 1), (13017, 1)]
7482: [(9206, 2)]
7595: [(7734, 2)]
7659: [(8811, 2), (12367, 2), (13059, 1), (8797, 1)]
7729: [(9283, 2)]
7734: [(10118, 2), (8672, 1), (8674, 1), (8805, 1), (8806, 1), (10599, 1), (13548, 1), (10186, 1), (10059, 1), (10476, 1)]
7808: [(11311, 2), (7835, 1), (11701, 1)]
7841: [(8098, 2), (11364, 2), (11433, 2), (11787, 2), (8493, 2), (8370, 2), (8567, 2)]
7848: [(7933, 2)]
7851: [(11634, 2), (11621, 1)]
7862: [(11116, 2), (11680, 1), (11117, 1), (11088, 1), (8564, 1), (11798, 1)]
7864: [(7973, 2)]
7867: [(8062, 3), (11627, 2), (7952, 1), (11171, 1), (11811, 1)]
7885: [(8001, 2), (11106, 2), (8230, 2), (8434, 2), (13402, 2), (13507, 1), (11461, 1), (11589, 1), (8110, 1), (13336, 1)]
7888: [(8320, 2), (11079, 2)]
7900: [(8037, 2), (11547, 1)]
7904: [(11116, 2), (11775, 1)]
7911: [(8358, 2)]
7912: [(8280, 2), (8042, 2), (8533, 2), (11234, 1), (8007, 1)]
7915: [(8553, 2), (11619, 2), (13487, 2), (11079, 2), (11730, 1)]
7922: [(8160, 2), (11736, 2)]
7931: [(11638, 2)]
7933: [(11296, 3), (8048, 2), (8540, 2), (11437, 2), (11791, 2), (8080, 2), (8213, 2), (8444, 2), (11255, 1)]
7958: [(11855, 2), (11251, 1)]
7967: [(11566, 2), (13489, 1)]
7974: [(8280, 2), (8533, 2), (11234, 1)]
7988: [(11378, 3), (11618, 3), (8283, 2), (11579, 1)]
8001: [(11808, 2), (8549, 2), (8230, 2), (11274, 2), (8110, 2), (11504, 2), (8210, 2), (11123, 2), (8120, 2), (8283, 2)]
8013: [(8096, 2), (8401, 2), (11861, 2), (11329, 1), (11077, 1), (8233, 1), (8114, 1)]
8025: [(11880, 2), (11811, 2), (8062, 2), (11171, 1), (11566, 1)]
8037: [(8480, 2), (8364, 1)]
8042: [(13419, 2), (11778, 1), (11342, 1), (13425, 1), (8435, 1), (13342, 1), (11321, 1), (13435, 1), (11710, 1)]
8044: [(9247, 2)]
8048: [(11296, 2)]
8049: [(8475, 2), (11327, 2), (8197, 1), (11144, 1), (8524, 1), (11816, 1), (11382, 1)]
8062: [(11452, 3), (11336, 2), (11377, 2), (11811, 1), (8501, 1)]
8063: [(8313, 4)]
8078: [(8202, 2), (11600, 1), (8419, 1), (11110, 1)]
8080: [(11296, 2)]
8084: [(11679, 2)]
8096: [(8401, 2), (8162, 2), (11079, 2), (8233, 1), (11077, 1)]
8097: [(8162, 3), (11861, 2)]
8098: [(11364, 2), (11820, 2), (11285, 2), (8567, 2), (11481, 2), (11853, 1), (11542, 1)]
8100: [(11726, 2)]
8103: [(11638, 2)]
8110: [(13426, 2), (11504, 2), (8210, 2), (11589, 1), (8151, 1), (13336, 1), (8283, 1)]
8120: [(11378, 3), (13407, 2), (11260, 2), (11519, 2)]
8160: [(13427, 2), (11428, 2), (11227, 1)]
8162: [(11079, 3), (11458, 2), (11685, 2), (11885, 2), (11774, 2), (11854, 1)]
8168: [(11531, 2), (11549, 2)]
8170: [(11627, 2)]
8176: [(11646, 2), (8182, 2)]
8201: [(11082, 2)]
8210: [(8387, 2)]
8213: [(11296, 2)]
8230: [(11483, 2), (13402, 2), (8283, 2), (11845, 1), (13388, 1), (11762, 1), (11477, 1), (11263, 1)]
8251: [(11880, 2), (11811, 2)]
8280: [(8560, 2), (8533, 2), (11234, 1), (8516, 1), (8522, 1), (13435, 1), (13406, 1)]
8283: [(13402, 2), (11483, 2), (11363, 1), (11254, 1)]
8284: [(8549, 2)]
8313: [(13469, 2)]
8329: [(11752, 2), (11341, 2)]
8339: [(11638, 2), (11850, 1)]
8370: [(11364, 2), (8567, 2), (11542, 1)]
8373: [(11129, 2)]
8381: [(8485, 2), (11190, 2), (11189, 1)]
8387: [(13402, 2)]
8401: [(11834, 2), (11079, 2)]
8433: [(11638, 2)]
8434: [(11274, 2), (11483, 2), (11280, 1), (11634, 1)]
8437: [(11638, 2)]
8438: [(11638, 2)]
8444: [(11296, 2)]
8451: [(11638, 2)]
8470: [(11458, 2)]
8485: [(11190, 2)]
8489: [(11481, 2)]
8493: [(8567, 2)]
8501: [(11880, 2), (11811, 2)]
8511: [(11451, 2)]
8513: [(11079, 2)]
8527: [(11309, 2), (13464, 1)]
8533: [(8560, 2), (13435, 1), (11234, 1), (8555, 1), (11709, 1)]
8540: [(11296, 2)]
8549: [(13386, 2)]
8553: [(11618, 2), (11899, 2), (13390, 1)]
8560: [(13419, 2), (13435, 1)]
8561: [(11603, 2)]
8567: [(11364, 2), (11433, 2), (11787, 2), (11820, 2), (11695, 2), (11481, 2), (11542, 1), (11578, 1)]
8742: [(12935, 2), (12684, 2), (12452, 2), (12846, 2), (13147, 2), (10866, 2), (12419, 1), (11018, 1), (11917, 1), (12589, 1)]
8779: [(9206, 2), (12538, 1)]
8811: [(9206, 2), (10712, 1)]
9076: [(9122, 2)]
9086: [(9662, 2), (9505, 1), (13442, 1), (9385, 1), (9514, 1), (9401, 1), (9471, 1)]
9122: [(12021, 2)]
9206: [(12367, 2), (12548, 1), (9989, 1), (10926, 1), (12528, 1), (11956, 1), (12910, 1), (10650, 1)]
9236: [(9247, 2)]
9239: [(9495, 2)]
9247: [(10592, 2), (9283, 2), (9389, 2), (9662, 2), (9270, 1), (9496, 1)]
9248: [(9622, 2)]
9274: [(9507, 2)]
9286: [(9517, 2)]
9513: [(9622, 2), (10088, 1), (12032, 1)]
9743: [(10500, 2), (10455, 2)]
10083: [(11058, 2), (13209, 1), (10583, 1)]
10084: [(10100, 2), (10549, 2), (10800, 1), (12376, 1), (12799, 1)]
10121: [(12460, 2), (12371, 1)]
10331: [(13202, 2), (13267, 1), (13306, 1), (12647, 1)]
10520: [(12452, 2)]
10732: [(10821, 2), (12069, 2), (12201, 1)]
11079: [(11834, 3), (11393, 2), (11396, 2), (11173, 2), (13345, 2), (11861, 2), (11603, 2), (11509, 2), (11253, 2), (11329, 1)]
11086: [(11254, 2)]
11105: [(11132, 2), (11164, 1)]
11123: [(11679, 2)]
11144: [(11452, 2), (13462, 2), (11202, 1), (11382, 1), (11816, 1), (11464, 1), (11882, 1), (13325, 1), (13357, 1), (13424, 1)]
11169: [(11422, 2), (13490, 1), (11196, 1), (11221, 1)]
11222: [(11466, 2)]
11231: [(11475, 2)]
11240: [(11566, 2)]
11253: [(13496, 2)]
11254: [(11504, 2), (11449, 1), (11707, 1), (13397, 1), (11751, 1)]
11296: [(11593, 2), (11791, 2), (11437, 2), (11841, 2)]
11341: [(11752, 2)]
11364: [(11433, 2), (11820, 2), (11695, 2), (11481, 2), (11542, 1), (11578, 1)]
11370: [(11396, 2)]
11378: [(11618, 3)]
11433: [(11481, 2)]
11481: [(11820, 2), (11695, 2), (11578, 1), (11542, 1)]
11596: [(11638, 2)]
11603: [(11752, 2), (11796, 1), (11783, 1)]
11618: [(11773, 2)]
11695: [(11820, 2)]
11717: [(11839, 2)]
11720: [(11807, 2)]
11834: [(11885, 2), (11839, 2), (13317, 1)]
12219: [(12684, 2)]
12846: [(13147, 2), (13095, 1)]
