11842
11845
11849
11855
11839
11851
11844
11854
11856
11827
11853
11852
11846
11848
11820
11782
11850
11835
11814
11843
11838
11840
11832
5
11847
11799
26
11808
11811
11787
11600
11748
126
11786
11795
11778
11737
11742
11776
11766
11774
11758
11676
11606
11585
11759
11713
133
11587
11664
11563
11588
11598
177
205
213
312
233
246
28
395
283
286
290
11570
244
142
11532
319
11548
9955
356
11492
11654
11499
11529
8
418
11519
129
199
490
485
59
111
678
526
560
553
10779
11478
607
2547
614
638
621
664
706
704
7257
724
737
2993
72
11558
815
832
1113
1115
1227
764
2650
1426
1445
10318
1557
1577
1582
1574
2767
1784
1824
1822
1827
2032
2451
2458
2449
6348
6351
2614
3829
2667
10687
6600
2712
2705
2701
3014
3828
2744
2745
2743
2746
188
6712
2770
2769
1267
4791
2784
10652
2721
2729
2737
2720
11346
2684
2627
2628
2624
2626
2623
2578
7122
2552
2549
10147
2967
2469
7024
2470
2471
1137
2382
7955
170
1978
1982
104
1854
1860
1857
1852
1853
1859
1711
1715
1731
1710
1108
830
121
1589
1586
1597
1583
8287
9107
8351
1478
