6
total nodes: 2899
uncovered nodes: 364
Number of structures in the model: 21
Printing the graph out
number of edges with duplicates = 1496
SuperGraph edges printed out
Total	fc	st	bc	ch	nc	nb	Empty	Model	Percent
21	19	2	0	0	0	0	60310	33286	55.19%

Entropy over structure type: 0.0
1.08335208893
Total running time 1.08
covered / total: 4810 / 5467
14: [(2711, 2), (2894, 1)]
34: [(917, 2), (98, 1)]
47: [(528, 5), (1062, 5), (1909, 5), (2566, 3), (1548, 3), (1557, 3), (2602, 3), (2609, 3), (2654, 3), (2103, 3)]
54: [(1033, 2)]
66: [(2600, 2), (2722, 1), (2516, 1)]
67: [(136, 2), (2313, 2), (919, 2), (2713, 2), (1305, 2), (2363, 2), (839, 2), (1901, 2), (110, 2), (1169, 1)]
74: [(148, 3), (1909, 3), (695, 2), (2159, 2), (2103, 2), (2645, 2), (1824, 1), (2219, 1), (885, 1)]
98: [(1548, 2), (1164, 2), (1981, 2), (2393, 2), (953, 2), (2255, 2), (2521, 1), (987, 1), (808, 1), (1932, 1)]
148: [(528, 5), (1909, 5), (202, 5), (1557, 3), (2159, 3), (2609, 3), (954, 3), (719, 3), (1873, 3), (2131, 3)]
152: [(1664, 2), (1868, 2), (1138, 2), (415, 2), (656, 1), (2195, 1), (276, 1), (1110, 1), (1943, 1), (2461, 1)]
160: [(2427, 2), (2624, 1), (641, 1)]
173: [(1033, 2), (2140, 2)]
177: [(2086, 2)]
189: [(1305, 2)]
202: [(1928, 3), (1557, 3)]
204: [(1033, 2)]
212: [(2711, 2)]
219: [(2848, 2), (2894, 2), (2470, 2), (842, 2), (2636, 2), (2254, 2), (1877, 2), (2250, 2), (2713, 2), (730, 2)]
241: [(917, 2), (1371, 1), (2574, 1)]
290: [(2086, 2)]
296: [(1274, 2), (1557, 2)]
313: [(2250, 2), (2894, 2), (2722, 1)]
327: [(2274, 2), (2722, 1), (1830, 1)]
373: [(1138, 2), (2179, 2)]
374: [(1062, 5), (1557, 3)]
390: [(1033, 2)]
396: [(2516, 2), (1138, 1)]
408: [(917, 2), (1686, 2), (2140, 2), (1986, 1), (1579, 1), (420, 1), (2566, 1), (2888, 1), (1033, 1), (2410, 1)]
412: [(2626, 2), (1946, 1)]
415: [(1138, 2), (1868, 2), (2461, 1)]
420: [(1909, 3), (1548, 2), (2204, 2), (680, 1), (1903, 1), (565, 1)]
528: [(1909, 5), (608, 3), (1797, 3), (1382, 3), (1384, 3), (719, 3), (2160, 3), (2131, 3), (1557, 3), (2159, 3)]
548: [(2626, 3), (1003, 3)]
564: [(2711, 2)]
568: [(2086, 2), (2479, 1)]
608: [(1557, 2)]
634: [(839, 2), (1032, 1)]
636: [(2086, 2)]
637: [(1033, 2)]
642: [(2645, 2), (1271, 1)]
679: [(1062, 3), (1573, 2), (1548, 2), (847, 2), (1557, 2), (719, 2), (1792, 1), (994, 1), (995, 1), (1915, 1)]
695: [(2160, 2), (2645, 2), (2159, 2), (885, 1)]
697: [(2140, 2)]
719: [(1909, 3), (2451, 2), (1557, 2), (2332, 2), (1573, 2), (2739, 2), (1873, 2), (2671, 2), (2140, 2), (2654, 2)]
730: [(2636, 2)]
761: [(2828, 2), (2722, 1), (1599, 1)]
765: [(2086, 2), (2894, 1)]
842: [(902, 2)]
847: [(1909, 3), (2018, 2), (2609, 2), (2159, 2), (2160, 2), (1873, 2)]
860: [(1033, 2), (2069, 2)]
866: [(2626, 2), (1611, 2)]
875: [(2140, 2)]
889: [(1664, 2), (1138, 2)]
892: [(1557, 2), (1824, 1), (1903, 1), (1906, 1), (1850, 1), (893, 1)]
902: [(2254, 2)]
917: [(1686, 4), (2140, 4), (1505, 2), (1873, 2), (1371, 2), (2558, 2)]
919: [(2674, 2)]
923: [(1062, 3), (1557, 2), (2103, 2)]
924: [(2626, 2), (1988, 1), (1095, 1), (1314, 1), (1808, 1), (1649, 1), (1397, 1), (1047, 1), (2276, 1), (2522, 1)]
948: [(1033, 2)]
954: [(1557, 2)]
1003: [(1440, 3), (2832, 2), (2626, 2), (1611, 2)]
1005: [(1138, 2)]
1033: [(1507, 2), (1937, 2), (1642, 2), (1850, 2), (1202, 2), (1491, 2), (1340, 2), (1690, 2), (1086, 2), (2035, 2)]
1062: [(2160, 3), (1557, 3), (2222, 3)]
1070: [(1305, 2), (1603, 1)]
1071: [(2231, 2)]
1093: [(2894, 2), (2254, 2), (2722, 1)]
1112: [(2594, 2), (2588, 2), (1814, 2)]
1117: [(1138, 2)]
1138: [(1664, 2), (1345, 2), (2435, 2), (2471, 2), (1868, 2), (2765, 2), (2681, 2), (2395, 2), (2507, 2), (2693, 2)]
1149: [(2894, 2)]
1179: [(2894, 2)]
1183: [(2140, 2)]
1283: [(2711, 2)]
1340: [(1914, 2)]
1371: [(2140, 2)]
1382: [(2160, 2), (2131, 2), (1557, 2)]
1402: [(2159, 2)]
1440: [(2626, 3)]
1464: [(2140, 2)]
1476: [(2427, 2), (2463, 2)]
1478: [(2739, 2), (1557, 2)]
1492: [(2231, 2)]
1509: [(2086, 2)]
1513: [(2894, 2)]
1522: [(1557, 2)]
1544: [(2711, 2)]
1557: [(1573, 2), (1928, 2), (1873, 2), (2131, 2), (2645, 2), (1947, 2), (2332, 2), (1797, 2), (2503, 1), (1769, 1)]
1573: [(1909, 3), (2018, 2), (2160, 2), (2451, 2), (1824, 1), (2816, 1), (2757, 1), (2631, 1), (1929, 1), (2282, 1)]
1579: [(2140, 2)]
1583: [(2687, 2)]
1588: [(2618, 2), (2722, 1)]
1611: [(2833, 2)]
1623: [(1873, 2), (2140, 2), (2654, 2)]
1694: [(1820, 2), (2887, 2)]
1708: [(2626, 2)]
1725: [(2140, 2), (2888, 1)]
1739: [(2894, 2), (2470, 2)]
1749: [(1909, 2), (2369, 1), (2138, 1)]
1751: [(2086, 2)]
1769: [(2474, 2), (2561, 1), (1794, 1), (2057, 1), (2454, 1), (2544, 1), (2726, 1), (2222, 1), (2609, 1), (2613, 1)]
1814: [(2086, 2)]
1826: [(2626, 2)]
1873: [(1909, 3), (2272, 2), (2566, 2), (1928, 2), (2159, 2), (2160, 2), (2287, 2), (2140, 2), (2654, 2), (2867, 1)]
1877: [(2894, 2)]
1908: [(2538, 2), (2427, 2)]
1909: [(2140, 4), (2287, 3), (2332, 3), (2566, 3), (2609, 3), (2159, 3), (2131, 3), (2645, 3), (2654, 3), (2671, 3)]
1928: [(2103, 2)]
1947: [(2679, 2)]
1960: [(2036, 2), (2645, 2)]
1967: [(2894, 2)]
1986: [(2140, 2)]
2018: [(2602, 2), (2159, 2), (2160, 2), (2036, 2), (2645, 2), (2305, 1), (2757, 1), (2630, 1), (2631, 1), (2667, 1)]
2076: [(2711, 2)]
2086: [(2594, 2), (2677, 2), (2588, 2), (2570, 1), (2479, 1), (2099, 1)]
2094: [(2318, 2)]
2103: [(2160, 2), (2381, 1), (2462, 1)]
2123: [(2231, 2)]
2127: [(2887, 2)]
2131: [(2160, 2)]
2140: [(2160, 2), (2332, 2), (2566, 2), (2558, 2)]
2159: [(2272, 2), (2602, 2), (2222, 2), (2160, 2), (2609, 2), (2645, 2), (2631, 1)]
2160: [(2272, 2), (2602, 2), (2609, 2), (2451, 2), (2645, 2), (2241, 1), (2757, 1), (2631, 1), (2305, 1), (2219, 1)]
2188: [(2466, 2)]
2250: [(2894, 2)]
2257: [(2711, 2), (2722, 1)]
2274: [(2427, 2)]
2287: [(2654, 2)]
2318: [(2832, 2), (2626, 2), (2427, 1)]
2363: [(2894, 2), (2722, 1)]
2427: [(2618, 2), (2890, 2), (2687, 2), (2516, 1), (2722, 1)]
2451: [(2645, 2), (2671, 2), (2631, 1)]
2524: [(2626, 2)]
2545: [(2833, 2), (2626, 2)]
2564: [(2711, 2), (2722, 1)]
2590: [(2711, 2)]
2598: [(2894, 2)]
2602: [(2645, 2)]
2609: [(2645, 2)]
2626: [(2833, 2)]
2636: [(2894, 2)]
2645: [(2679, 2), (2690, 1), (2757, 1)]
2713: [(2894, 2)]
