6
total nodes: 2899
uncovered nodes: 423
Number of structures in the model: 34
Printing the graph out
number of edges with duplicates = 4187
SuperGraph edges printed out
Total	fc	st	bc	ch	nc	nb	Empty	Model	Percent
34	31	2	1	0	0	0	60310	38019	63.04%

Entropy over structure type: 0.0
1.50305604935
Total running time 1.50
covered / total: 5735 / 5467
33: [(2223, 2)]
43: [(455, 3), (719, 3), (1536, 2), (908, 2), (1049, 2), (2111, 2), (1352, 2), (2304, 1), (130, 1), (2052, 1)]
46: [(455, 3), (1873, 3), (1049, 2), (1603, 2), (1275, 2), (1669, 1), (903, 1), (1900, 1), (921, 1), (2068, 1)]
47: [(2631, 4), (2160, 4), (1909, 4), (719, 4), (893, 4), (2602, 3), (2609, 3), (623, 3), (2159, 3), (1769, 3)]
56: [(475, 2)]
61: [(587, 2), (476, 1), (2310, 1)]
62: [(1824, 2), (2018, 2), (2671, 2), (719, 2), (615, 1), (306, 1)]
65: [(2433, 2), (2111, 2), (968, 1), (299, 1)]
67: [(2722, 3), (572, 2), (2713, 2), (2363, 2), (1980, 2), (1603, 1), (2660, 1), (1319, 1), (1032, 1), (843, 1)]
70: [(2631, 2), (1417, 2), (2671, 2), (1903, 2), (2160, 2), (1909, 2), (719, 2), (893, 2), (1854, 2), (1424, 1)]
75: [(1894, 2)]
77: [(2287, 2)]
79: [(202, 2), (148, 2), (2103, 2)]
81: [(913, 2), (1735, 2), (1361, 2), (2767, 2), (377, 2), (188, 2), (897, 1), (1570, 1), (2436, 1), (2442, 1)]
86: [(475, 2)]
87: [(1735, 2), (2767, 2), (913, 2), (377, 2), (249, 1), (831, 1)]
89: [(675, 2), (1317, 2), (2631, 1)]
98: [(408, 2), (2558, 2), (808, 1), (1548, 1), (1932, 1), (2480, 1), (1164, 1), (2393, 1), (953, 1), (1725, 1)]
107: [(1760, 2), (1416, 2), (928, 1), (2438, 1), (614, 1), (2539, 1), (1357, 1), (1312, 1), (2801, 1), (1502, 1)]
109: [(2722, 2), (1843, 2), (916, 2), (1090, 1)]
130: [(1550, 2), (719, 1)]
148: [(528, 2), (1557, 2), (623, 2), (2077, 2), (1824, 2), (2609, 2), (1909, 2), (961, 2), (2631, 2), (202, 2)]
152: [(1868, 3), (1138, 3), (1664, 2), (2715, 2), (2461, 2), (415, 2), (1837, 1), (2195, 1), (276, 1), (1110, 1)]
156: [(2840, 2), (650, 2), (588, 2), (2046, 2), (320, 1)]
160: [(2624, 2), (641, 2), (2427, 1), (580, 1)]
164: [(2624, 2)]
167: [(243, 2), (963, 1), (1162, 1), (396, 1), (2516, 1), (2715, 1)]
171: [(1664, 2), (1167, 2), (1319, 1), (1388, 1)]
175: [(1319, 3), (1261, 3), (914, 3), (1350, 2), (1330, 2), (1388, 2), (1617, 2), (2140, 2), (509, 2), (768, 1)]
181: [(994, 2), (995, 2), (2566, 2), (2352, 2), (1623, 2), (2654, 2), (1735, 1), (1909, 1), (377, 1), (893, 1)]
186: [(1031, 3), (299, 3), (2692, 2), (467, 2), (1246, 2), (2147, 2), (1769, 2), (2414, 2), (2037, 2), (380, 2)]
188: [(1735, 3), (2767, 3), (913, 3), (1570, 2), (1361, 2), (1873, 2), (1151, 2), (897, 1), (2436, 1), (424, 1)]
192: [(1735, 2), (808, 1), (402, 1), (1548, 1)]
198: [(777, 2), (2201, 2), (2368, 1), (673, 1), (2537, 1), (455, 1), (941, 1), (431, 1), (1235, 1), (2526, 1)]
199: [(2054, 2), (893, 2), (1854, 2), (2346, 1)]
202: [(1928, 2), (1557, 2)]
218: [(737, 2), (1024, 1), (1058, 1), (1098, 1), (2187, 1), (2894, 1), (2896, 1), (1394, 1), (2350, 1), (983, 1)]
219: [(2722, 3), (2894, 3), (2086, 2), (1868, 2), (2250, 2), (2636, 2), (1141, 2), (2713, 2), (1149, 2), (2848, 1)]
230: [(1226, 2), (451, 1)]
234: [(2722, 2), (2686, 2), (1868, 1)]
237: [(664, 2), (1136, 2), (2626, 1), (1475, 1), (1766, 1)]
243: [(472, 2), (1729, 2), (1700, 1), (2649, 1), (457, 1)]
246: [(2083, 2), (809, 2), (621, 2), (1264, 2), (1010, 2), (2160, 1), (945, 1), (2711, 1), (2715, 1), (2140, 1)]
247: [(713, 2), (968, 1), (2817, 1), (1769, 1)]
252: [(2801, 2), (2315, 2), (1532, 2), (1594, 1)]
258: [(1347, 2), (453, 2), (1836, 2), (1037, 2), (2516, 2), (998, 1)]
260: [(472, 2), (1729, 2), (1141, 1)]
277: [(2298, 2), (893, 2), (1586, 1), (2287, 1)]
281: [(2838, 2)]
284: [(734, 2), (934, 1), (1547, 1), (2412, 1), (2318, 1), (719, 1), (2516, 1), (2586, 1)]
285: [(893, 2), (1909, 2)]
292: [(2563, 2), (2002, 2), (2579, 2), (1536, 1), (2340, 1), (2085, 1), (455, 1), (2156, 1), (2371, 1), (556, 1)]
299: [(2692, 2), (467, 2), (2141, 2), (1246, 2), (1761, 2), (2147, 2), (380, 2), (1023, 2), (1921, 1), (2050, 1)]
313: [(2250, 2), (2722, 2), (2894, 2)]
321: [(1597, 3), (2111, 3), (2147, 2), (1925, 2), (838, 2), (2631, 2), (554, 2), (2378, 2), (719, 2), (1873, 2)]
325: [(377, 2), (1029, 2), (1735, 2), (1088, 1)]
328: [(2037, 2), (475, 2), (925, 2), (2593, 1), (2874, 1), (2718, 1), (1247, 1)]
330: [(675, 2), (1317, 2)]
340: [(1100, 2)]
346: [(1295, 2), (2046, 2), (2592, 1), (996, 1), (1449, 1), (588, 1)]
351: [(538, 2), (2725, 2), (1980, 1)]
367: [(713, 2), (539, 2), (1054, 2), (1762, 1), (968, 1), (2060, 1), (820, 1), (537, 1), (1215, 1)]
369: [(1617, 2), (2231, 2), (1061, 1), (1738, 1), (2123, 1), (1228, 1), (1879, 1), (2735, 1), (1010, 1), (2871, 1)]
377: [(1735, 3), (2767, 3), (913, 3), (1029, 2), (1873, 2), (1460, 1)]
387: [(588, 2), (2046, 2), (2840, 2), (2718, 2), (1828, 1), (426, 1), (2232, 1), (1172, 1), (2011, 1), (2140, 1)]
389: [(2671, 2), (1903, 2), (1909, 2), (719, 2), (893, 2), (1854, 2), (2305, 1), (763, 1), (2691, 1), (1980, 1)]
395: [(1704, 2), (1313, 1), (2722, 1), (1211, 1), (484, 1), (2309, 1), (2849, 1), (2669, 1), (1806, 1), (1396, 1)]
396: [(1138, 2), (2516, 1)]
397: [(1141, 2), (1344, 1), (2114, 1), (1636, 1), (2700, 1), (1612, 1), (1871, 1), (754, 1), (2366, 1), (822, 1)]
400: [(2432, 2), (1769, 2), (483, 1), (2501, 1), (924, 1), (2894, 1), (494, 1), (1801, 1), (1980, 1)]
408: [(2566, 2), (917, 2), (1873, 2), (1371, 2), (2140, 2), (1033, 1), (1680, 1), (1686, 1), (2331, 1), (1183, 1)]
414: [(570, 2), (622, 2), (1602, 1), (2334, 1)]
415: [(1138, 2), (1868, 2), (2461, 2)]
424: [(1873, 2), (2566, 2)]
426: [(960, 2), (907, 2), (2801, 2), (1172, 2), (2037, 2), (2614, 2), (475, 2), (925, 2), (1335, 1), (1378, 1)]
439: [(962, 2), (2722, 2), (2656, 1), (2404, 1), (744, 1), (1410, 1), (2642, 1), (1107, 1), (2884, 1), (2140, 1)]
444: [(475, 2)]
446: [(588, 2), (2139, 2), (2046, 2), (2349, 1), (1458, 1), (2547, 1)]
453: [(1347, 2), (1836, 2), (2093, 2), (1037, 2), (2841, 2), (1408, 1), (1031, 1), (553, 1), (618, 1), (2283, 1)]
455: [(1769, 3), (1873, 3), (2372, 2), (2379, 2), (2068, 2), (1083, 2), (1861, 1), (2854, 1), (647, 1), (456, 1)]
467: [(1031, 2)]
475: [(609, 2), (1702, 2), (2337, 2), (2315, 2), (2508, 2), (2801, 2), (1524, 2), (760, 2), (2554, 2), (1532, 2)]
476: [(587, 3), (2310, 2), (924, 2), (1222, 1), (1505, 1), (1474, 1), (1963, 1), (965, 1), (2698, 1), (1262, 1)]
478: [(1227, 2), (1836, 2), (1490, 2), (692, 2), (2516, 2), (2567, 1), (1454, 1), (1944, 1)]
497: [(2305, 2), (1909, 2), (893, 2), (885, 2), (719, 2)]
509: [(1261, 2), (914, 2), (1269, 2), (2115, 1), (1769, 1), (665, 1), (2685, 1), (1141, 1)]
512: [(908, 2), (1597, 2), (573, 2), (1726, 2), (2374, 1), (968, 1), (2704, 1)]
513: [(2431, 2), (2301, 1), (1251, 1), (1412, 1), (1992, 1), (2339, 1), (1770, 1), (2446, 1), (2511, 1), (1923, 1)]
528: [(1382, 2), (2159, 2), (719, 2), (2160, 2), (2131, 2), (1909, 2), (892, 2), (1557, 2), (608, 1), (1797, 1)]
537: [(2626, 2), (1611, 2), (2358, 2), (1345, 1), (1285, 1), (2087, 1), (1826, 1), (2832, 1), (949, 1), (1047, 1)]
538: [(2528, 2), (1085, 2), (1372, 1), (1590, 1)]
539: [(1769, 3), (1141, 3), (1665, 2), (2718, 2), (1319, 2), (1332, 2), (2245, 2), (2087, 2), (1778, 2), (896, 1)]
540: [(2315, 2), (1857, 2), (907, 2), (1246, 2), (2162, 1)]
554: [(838, 2), (908, 2), (1133, 2), (1880, 2), (2111, 2), (968, 1), (1873, 1)]
570: [(2838, 2), (2298, 1)]
572: [(962, 2), (2722, 2), (1830, 2), (2185, 1), (2140, 1)]
579: [(908, 2), (804, 2), (1726, 2), (2556, 1)]
587: [(2310, 3), (924, 3), (1868, 3), (1388, 3), (2698, 2), (2715, 2), (2246, 2), (1837, 2), (1474, 2), (965, 2)]
588: [(1992, 2), (650, 2), (2046, 2), (1060, 1), (973, 1), (592, 1)]
592: [(2139, 2), (619, 2), (2046, 2)]
616: [(2722, 2), (2711, 2), (1843, 2), (2308, 1), (851, 1), (2140, 1)]
619: [(2139, 2), (2046, 2)]
621: [(1557, 2), (2631, 2)]
622: [(2838, 2), (995, 1), (2022, 1), (1705, 1), (2285, 1), (787, 1), (2298, 1)]
623: [(2609, 3), (719, 3), (1286, 2), (2602, 2), (1007, 2), (1873, 2), (2103, 2), (2189, 1), (1983, 1)]
648: [(1442, 2)]
649: [(2287, 2)]
650: [(1992, 2), (2840, 2), (2301, 2), (2046, 2), (1060, 1), (2349, 1), (1295, 1), (1040, 1)]
664: [(929, 2), (1538, 2), (1136, 2), (1171, 2), (854, 2), (1670, 1), (1192, 1), (2377, 1), (1250, 1), (1966, 1)]
666: [(2528, 2), (978, 2), (1085, 2), (1590, 1), (1309, 1), (2321, 1), (1206, 1), (1372, 1)]
674: [(2160, 2), (2018, 2)]
675: [(2147, 2)]
679: [(847, 2), (719, 2), (1792, 1), (994, 1), (995, 1), (1573, 1), (1062, 1), (1915, 1), (1548, 1), (1557, 1)]
686: [(1873, 2), (2566, 2)]
692: [(2516, 2), (1836, 2), (1944, 1), (1454, 1), (1028, 1)]
695: [(2160, 2), (885, 2), (2159, 2), (2645, 1)]
713: [(1748, 2), (2087, 2), (2835, 1), (2245, 1), (2030, 1)]
719: [(1854, 4), (2631, 4), (2160, 4), (1909, 4), (893, 4), (1873, 3), (854, 3), (2671, 3), (2140, 3), (2147, 3)]
734: [(1827, 2), (797, 2), (934, 1), (968, 1), (908, 1), (1873, 1), (1182, 1)]
748: [(1688, 2), (1728, 2), (1769, 1)]
761: [(2828, 2), (2722, 1), (1599, 1)]
771: [(1442, 2)]
773: [(2364, 2), (2761, 2), (1689, 1)]
775: [(2552, 2), (858, 2), (865, 1), (1026, 1), (1290, 1), (2731, 1), (2098, 1), (2542, 1), (2033, 1), (1490, 1)]
784: [(1643, 2)]
794: [(2601, 2), (1244, 2), (2735, 1), (2231, 1)]
797: [(1827, 2), (2402, 1), (1511, 1), (908, 1), (1330, 1), (798, 1)]
803: [(2624, 2), (916, 1)]
804: [(908, 2), (1726, 2)]
805: [(1246, 2)]
808: [(2566, 2), (1873, 2), (913, 2), (1980, 2), (2530, 1), (1763, 1), (2116, 1), (1932, 1), (1310, 1), (2867, 1)]
809: [(2083, 2), (1261, 2), (1264, 2), (914, 2), (1619, 2), (2068, 2), (1141, 2), (2715, 2), (1701, 1), (1359, 1)]
810: [(1703, 2), (1199, 2), (2736, 2), (1185, 1), (2571, 1), (2183, 1), (2477, 1), (2769, 1), (1203, 1), (980, 1)]
826: [(908, 2), (2517, 2), (1873, 1)]
834: [(2224, 2), (2395, 2), (1603, 1), (2660, 1)]
838: [(1925, 2), (1880, 2), (2111, 2), (2147, 1), (2631, 1), (1769, 1)]
845: [(2315, 2), (2801, 2), (2139, 2)]
847: [(2609, 2), (2160, 2), (1909, 2), (2018, 1), (2159, 1), (1873, 1)]
854: [(2147, 4), (2894, 3), (2715, 3), (2140, 3), (929, 2), (1319, 2), (1136, 2), (2080, 1), (2889, 1), (2373, 1)]
869: [(1442, 2)]
880: [(2113, 2), (2841, 2), (1421, 1), (2031, 1), (1621, 1), (918, 1), (1167, 1)]
885: [(1824, 2), (2305, 2), (1382, 2), (2631, 2), (2160, 2), (1909, 2), (893, 2), (1854, 2), (2018, 1), (2757, 1)]
892: [(1824, 2), (1557, 2), (893, 2), (1903, 1), (1906, 1), (1850, 1)]
893: [(1854, 4), (2631, 4), (2160, 4), (1909, 4), (1980, 3), (1873, 3), (2147, 3), (1903, 3), (2305, 2), (2307, 2)]
899: [(1909, 2), (1055, 2), (2147, 1)]
903: [(1921, 2), (1033, 2), (1217, 1), (1442, 1), (2086, 1), (2323, 1), (2273, 1), (2306, 1), (2862, 1), (1427, 1)]
907: [(1022, 2), (1246, 2), (1892, 1), (1422, 1), (2162, 1), (2233, 1)]
908: [(1597, 3), (2517, 3), (2433, 2), (1925, 2), (1550, 2), (2631, 2), (1726, 2), (968, 2), (1873, 2), (2644, 2)]
913: [(1980, 2), (1151, 2), (2020, 1), (2504, 1), (1356, 1), (2320, 1), (1842, 1), (1080, 1)]
914: [(1261, 3), (1817, 2), (2846, 2), (2722, 2), (1141, 2), (1350, 2), (2890, 2), (1617, 2), (2140, 2), (1769, 2)]
917: [(1371, 2), (2558, 2), (1505, 1), (1873, 1), (1686, 1), (2140, 1)]
923: [(1557, 2), (1062, 2), (2103, 2)]
924: [(2626, 2), (1988, 2), (2310, 2), (1095, 2), (1047, 2), (2113, 1), (1314, 1), (1808, 1), (1649, 1), (1397, 1)]
925: [(2801, 2), (2315, 2), (2037, 2), (2712, 1)]
929: [(1171, 2)]
938: [(1603, 2), (2516, 1)]
951: [(1909, 2), (2530, 1), (2566, 1), (1769, 1), (1069, 1), (1586, 1), (1369, 1), (2653, 1)]
960: [(2801, 2), (2315, 2), (1532, 2)]
961: [(2160, 2), (2305, 2), (1909, 2), (2018, 1), (1573, 1)]
962: [(2708, 2), (1698, 2), (2873, 2), (1879, 2), (2184, 1), (2185, 1), (2188, 1), (2063, 1), (1432, 1), (1050, 1)]
968: [(2563, 2), (1031, 2), (1597, 2), (2111, 2), (2002, 2), (2517, 2), (2395, 2), (2433, 1), (1291, 1), (1297, 1)]
978: [(1085, 2), (1024, 1), (1411, 1), (1095, 1), (2059, 1), (2479, 1), (2675, 1), (1657, 1), (1309, 1)]
986: [(2054, 2), (1854, 2), (1873, 1), (2147, 1)]
991: [(2722, 2), (1843, 2), (1769, 1)]
994: [(1792, 2), (2566, 2), (2332, 2), (2352, 2), (2112, 2), (1873, 2), (2654, 2), (995, 2), (1810, 1), (1063, 1)]
995: [(2566, 3), (1873, 3), (1792, 2), (2332, 2), (1186, 2), (2468, 2), (2352, 2), (1586, 2), (2112, 2), (2767, 2)]
1010: [(2380, 2), (2715, 1), (2140, 1), (1229, 1)]
1022: [(2139, 2), (1172, 2), (2037, 2)]
1023: [(1761, 2), (2141, 2), (2414, 2), (1387, 1)]
1029: [(1735, 2), (2238, 1)]
1031: [(1761, 2), (1158, 2), (2093, 2), (2141, 2), (2783, 2), (2758, 1), (2536, 1), (1037, 1), (2296, 1), (2847, 1)]
1033: [(1328, 2), (1202, 2), (1507, 1), (1937, 1), (1642, 1), (2222, 1), (2671, 1), (1585, 1), (1491, 1), (1557, 1)]
1037: [(2516, 2), (1836, 2), (2093, 2), (2441, 1)]
1047: [(2318, 2), (2140, 1)]
1051: [(2287, 2)]
1054: [(1665, 2), (2087, 2), (1748, 2), (1762, 1), (2027, 1), (1067, 1), (2060, 1)]
1055: [(1909, 2), (2287, 2), (2147, 1)]
1062: [(2160, 2), (1557, 2), (2222, 2), (1949, 1)]
1083: [(1240, 2), (1769, 1), (1893, 1)]
1085: [(2725, 2), (2288, 1), (1635, 1)]
1124: [(2602, 2), (2229, 2), (1931, 1), (2516, 1)]
1129: [(1503, 2), (1769, 1), (1951, 1)]
1133: [(2111, 2), (2631, 1)]
1134: [(2624, 2)]
1136: [(2147, 2), (1317, 2), (1171, 2), (1250, 1), (1670, 1), (1224, 1), (2861, 1), (1966, 1), (2807, 1), (1656, 1)]
1138: [(1868, 3), (2395, 3), (1664, 2), (1769, 2), (1167, 2), (1729, 1), (2635, 1), (2435, 1), (2693, 1), (2471, 1)]
1141: [(2715, 3), (2722, 3), (2890, 3), (2894, 3), (2516, 3), (2140, 3), (1319, 2), (1868, 2), (1261, 2), (1275, 2)]
1149: [(2894, 2)]
1153: [(2516, 2), (1490, 2), (1868, 1), (2841, 1)]
1157: [(1909, 2), (2647, 2), (1369, 1), (1586, 1)]
1158: [(2783, 2)]
1167: [(1664, 2), (2031, 2), (1769, 1)]
1171: [(1538, 2), (2715, 1)]
1172: [(2315, 2), (1809, 1), (2196, 1), (1324, 1), (2629, 1)]
1186: [(2263, 2), (1442, 1), (2516, 1)]
1199: [(1416, 2), (2349, 2), (1703, 2), (2329, 1)]
1201: [(2160, 2), (1909, 2), (2631, 2)]
1221: [(1264, 2), (1704, 2), (2083, 2), (2448, 1), (1886, 1)]
1227: [(1836, 2), (2093, 2)]
1244: [(2601, 2), (2123, 1), (2735, 1)]
1246: [(1761, 2), (1584, 1), (2210, 1), (1892, 1), (1854, 1)]
1252: [(2630, 2), (1909, 2), (2566, 1)]
1261: [(1817, 2), (2846, 2), (1330, 2), (1617, 2), (1350, 2), (1873, 2), (1269, 2), (1924, 1), (2830, 1), (2724, 1)]
1264: [(1619, 2), (2023, 1), (1359, 1), (2448, 1), (1331, 1), (2489, 1), (2715, 1), (1886, 1)]
1269: [(1319, 2), (1388, 1)]
1275: [(1728, 3), (1442, 2), (1769, 2), (2894, 2), (1873, 2), (1688, 2), (1980, 2), (2091, 1), (2342, 1), (1959, 1)]
1286: [(2609, 2), (1873, 1)]
1295: [(2046, 2), (2349, 1)]
1299: [(1836, 2), (2093, 2), (1798, 1), (2606, 1), (2131, 1), (2715, 1)]
1319: [(2722, 2), (2890, 2), (1388, 2), (1784, 2), (2140, 2), (2846, 2), (1868, 1), (2267, 1)]
1324: [(2139, 2)]
1328: [(1921, 2), (1720, 2), (2336, 1), (2633, 1), (2579, 1), (2292, 1), (2101, 1), (2006, 1), (2202, 1), (2362, 1)]
1332: [(2245, 2), (2563, 1)]
1347: [(2516, 2), (2093, 2)]
1349: [(2108, 2), (1811, 1)]
1350: [(1817, 2), (2532, 1)]
1354: [(2090, 2), (1689, 2), (2513, 1), (2028, 1), (2672, 1), (1425, 1), (1746, 1), (1693, 1), (2879, 1)]
1365: [(2369, 2), (1769, 2), (1548, 2), (1873, 2), (2138, 2), (1822, 1)]
1382: [(2160, 2), (2131, 2), (1557, 2)]
1388: [(2718, 2), (1610, 1), (1963, 1), (2868, 1), (2267, 1), (2525, 1), (2846, 1)]
1402: [(2159, 2)]
1416: [(1760, 2), (1703, 2), (2315, 2), (2736, 2), (1994, 1), (1971, 1), (1532, 1)]
1417: [(1909, 2), (1873, 1)]
1426: [(2631, 2), (2160, 2), (2645, 2), (2018, 1), (2476, 1), (1873, 1)]
1436: [(1729, 2), (1860, 1), (2728, 1), (2421, 1), (2692, 1), (2715, 1)]
1442: [(2375, 2), (2167, 2)]
1445: [(2420, 2), (1893, 2)]
1456: [(2068, 2), (1873, 1), (2147, 1)]
1490: [(2093, 2), (2565, 1), (1805, 1), (1746, 1), (1555, 1), (1689, 1), (2879, 1)]
1493: [(1909, 2), (2566, 1)]
1496: [(1873, 2), (2566, 2)]
1506: [(1824, 2), (1909, 2)]
1532: [(1857, 2), (2315, 2), (2801, 2), (2007, 1), (2047, 1), (2399, 1)]
1548: [(1769, 2), (2894, 2), (2846, 1), (1819, 1), (1822, 1), (1759, 1)]
1550: [(2145, 2), (1997, 1), (2198, 1)]
1557: [(1928, 2), (2131, 2), (1797, 1), (2503, 1), (1769, 1), (1873, 1), (2645, 1), (1947, 1), (1573, 1)]
1562: [(1637, 2), (2631, 2), (1573, 1), (1980, 1)]
1570: [(1735, 2), (1769, 1)]
1585: [(2372, 2), (1804, 1), (2498, 1), (1885, 1)]
1586: [(1909, 2), (2530, 1), (2332, 1), (2647, 1)]
1592: [(1824, 2), (1909, 2)]
1596: [(1689, 2), (2090, 2), (2626, 2), (2358, 2), (2190, 1)]
1597: [(2517, 3), (2111, 3), (2145, 2), (1873, 2), (1726, 2), (2710, 1)]
1599: [(1988, 2), (2358, 2), (2118, 1)]
1603: [(2722, 2), (1980, 2), (2894, 2), (1873, 2), (2516, 2), (2140, 2)]
1604: [(1909, 2), (1854, 2), (2631, 2)]
1606: [(1728, 2), (2101, 1)]
1610: [(2093, 2)]
1611: [(2833, 2)]
1617: [(1784, 2), (1817, 2), (1738, 1), (2244, 1), (1974, 1)]
1619: [(2083, 2), (2715, 1)]
1623: [(1873, 2), (2654, 2), (2140, 1)]
1637: [(1903, 2), (1980, 1)]
1664: [(2031, 2)]
1669: [(2372, 2), (2838, 1)]
1689: [(1728, 2), (2147, 2), (2890, 2), (2516, 2), (2140, 2), (2513, 1), (2028, 1), (2672, 1), (2353, 1), (1876, 1)]
1698: [(2722, 2)]
1703: [(2349, 2), (2401, 1), (1745, 1), (1865, 1), (1706, 1), (2638, 1), (2801, 1), (1971, 1), (2740, 1), (2039, 1)]
1720: [(1921, 2), (1769, 1)]
1726: [(2517, 2), (2704, 1), (1769, 1)]
1728: [(2624, 2), (1873, 2), (2167, 2), (1980, 2), (1954, 1), (1959, 1), (1737, 1), (2122, 1), (2091, 1), (2338, 1)]
1729: [(1769, 2), (2516, 2), (2715, 2), (1860, 1), (2794, 1), (1868, 1), (2488, 1), (2569, 1), (2200, 1), (2425, 1)]
1735: [(2767, 3), (1873, 2), (2143, 2), (2369, 1), (2689, 1), (1768, 1), (2608, 1), (2238, 1)]
1759: [(1819, 2), (1769, 1), (2894, 1)]
1761: [(2414, 2), (2147, 1)]
1765: [(2548, 2), (2395, 2), (1989, 2), (2140, 1)]
1769: [(2631, 3), (1873, 3), (2160, 3), (2432, 2), (2310, 2), (2211, 2), (2609, 2), (2231, 2), (2111, 2), (2517, 2)]
1792: [(2112, 2), (2332, 2), (2654, 2), (2566, 2), (2140, 1)]
1824: [(2631, 3), (2160, 3), (1854, 3), (2816, 2), (2305, 2), (2630, 2), (1980, 2), (1898, 1), (2718, 1)]
1830: [(2890, 2), (2181, 1), (2182, 1)]
1836: [(2093, 3), (2516, 3), (1920, 1), (2081, 1), (2565, 1), (2407, 1), (2441, 1), (2834, 1), (2260, 1), (1884, 1)]
1846: [(2160, 2), (1854, 2)]
1847: [(2722, 2), (2711, 2), (2833, 1)]
1854: [(1909, 4), (1903, 3), (2566, 2), (1964, 2), (2517, 2), (2077, 2), (2654, 1)]
1857: [(2801, 2), (2315, 2), (2007, 1)]
1863: [(2722, 2), (2894, 2), (1868, 1)]
1868: [(2461, 2), (2195, 1), (2636, 1), (2686, 1)]
1873: [(2566, 3), (2631, 3), (2140, 3), (2147, 3), (2160, 3), (1909, 3), (2287, 2), (2867, 2), (2111, 2), (2767, 2)]
1879: [(2722, 2), (2019, 1), (2409, 1), (1998, 1), (2493, 1), (1887, 1)]
1880: [(2705, 2), (2111, 2)]
1893: [(2147, 2), (2420, 2), (2843, 1), (2130, 1)]
1894: [(2287, 3), (1909, 2)]
1903: [(2631, 3), (2671, 3), (1909, 3), (2307, 2), (1964, 2), (2777, 2), (1980, 2), (1915, 1)]
1909: [(2631, 4), (2160, 4), (2159, 3), (2609, 3), (1980, 3), (2894, 3), (2140, 3), (2147, 3), (2671, 3), (2816, 2)]
1925: [(2705, 2), (2111, 2)]
1928: [(2103, 2)]
1964: [(2631, 2)]
1980: [(2631, 3), (2671, 2), (2432, 1), (2468, 1), (2077, 1)]
1988: [(2833, 2), (2147, 1)]
1989: [(2567, 2), (2495, 2), (2179, 1)]
1992: [(2046, 2), (2431, 1)]
2002: [(2579, 2), (2664, 1), (2140, 1), (2510, 1), (2614, 1)]
2018: [(2630, 2), (2631, 2), (2602, 2), (2159, 2), (2160, 2), (2229, 2), (2305, 1), (2757, 1), (2667, 1), (2476, 1)]
2037: [(2315, 3), (2593, 2), (2093, 2), (2614, 2), (2178, 1), (2447, 1), (2712, 1), (2874, 1)]
2046: [(2139, 3), (2349, 2), (2840, 2), (2301, 2), (2592, 1), (2347, 1)]
2077: [(2305, 2), (2637, 1)]
2083: [(2380, 2), (2457, 1), (2715, 1), (2173, 1), (2773, 1)]
2086: [(2570, 2), (2588, 1), (2594, 1), (2677, 1), (2479, 1)]
2093: [(2516, 3), (2147, 2), (2841, 2), (2725, 1), (2856, 1), (2859, 1), (2781, 1), (2834, 1), (2260, 1), (2684, 1)]
2096: [(2159, 2), (2645, 1)]
2103: [(2160, 2), (2381, 1), (2462, 1)]
2111: [(2517, 3), (2145, 2), (2147, 2), (2631, 2), (2705, 2), (2644, 2), (2240, 1), (2806, 1), (2809, 1)]
2112: [(2566, 2), (2140, 1)]
2113: [(2841, 2), (2516, 2), (2492, 1), (2895, 1)]
2123: [(2231, 2)]
2129: [(2287, 2)]
2131: [(2160, 2)]
2138: [(2369, 2), (2566, 1), (2474, 1), (2612, 1), (2197, 1), (2584, 1), (2780, 1), (2613, 1)]
2139: [(2315, 3)]
2140: [(2160, 3), (2566, 2), (2395, 2), (2182, 1), (2694, 1), (2706, 1), (2579, 1), (2708, 1), (2325, 1), (2583, 1)]
2147: [(2420, 2), (2372, 1), (2379, 1), (2449, 1), (2358, 1), (2777, 1), (2591, 1)]
2159: [(2631, 3), (2160, 3), (2272, 2), (2602, 2), (2222, 2), (2609, 2), (2516, 2), (2645, 1)]
2160: [(2631, 4), (2602, 3), (2609, 3), (2272, 2), (2241, 2), (2305, 2), (2451, 2), (2229, 2), (2816, 2), (2645, 2)]
2182: [(2722, 2), (2890, 2), (2753, 1), (2352, 1), (2516, 1), (2361, 1)]
2224: [(2395, 2), (2715, 1)]
2229: [(2602, 2)]
2231: [(2722, 3), (2432, 1), (2601, 1)]
2241: [(2816, 2), (2631, 2)]
2246: [(2380, 2)]
2250: [(2894, 2)]
2272: [(2305, 2)]
2301: [(2840, 2)]
2305: [(2816, 2), (2631, 2), (2568, 1), (2757, 1)]
2315: [(2801, 3), (2692, 2), (2484, 2), (2399, 2), (2703, 1), (2870, 1), (2621, 1)]
2349: [(2736, 2), (2840, 1), (2571, 1), (2740, 1), (2401, 1)]
2363: [(2722, 2), (2894, 2), (2516, 1)]
2372: [(2379, 2), (2595, 1), (2434, 1), (2882, 1), (2813, 1)]
2395: [(2567, 2), (2548, 2), (2495, 2), (2715, 2), (2782, 1), (2815, 1)]
2399: [(2801, 2), (2484, 2)]
2427: [(2722, 2), (2890, 2), (2618, 1), (2516, 1), (2687, 1)]
2433: [(2517, 2)]
2451: [(2671, 2), (2645, 2), (2631, 2)]
2484: [(2801, 2)]
2495: [(2548, 2), (2591, 1)]
2516: [(2602, 2), (2624, 1), (2645, 1)]
2528: [(2725, 2)]
2566: [(2867, 2), (2631, 2)]
2570: [(2722, 2), (2711, 2)]
2602: [(2645, 2)]
2609: [(2645, 2)]
2624: [(2722, 2), (2676, 1), (2718, 1)]
2626: [(2833, 2)]
2631: [(2671, 3), (2816, 2), (2645, 2), (2757, 1)]
2636: [(2894, 2)]
2686: [(2722, 2), (2894, 2)]
2708: [(2722, 2)]
2711: [(2873, 2)]
2713: [(2894, 2)]
2715: [(2718, 2), (2868, 1)]
2722: [(2894, 4), (2873, 2), (2792, 1), (2747, 1)]
2873: [(2890, 2)]
