6
total nodes: 2899
uncovered nodes: 1078
Number of structures in the model: 101
Printing the graph out
number of edges with duplicates = 10752
SuperGraph edges printed out
Total	fc	st	bc	ch	nc	nb	Empty	Model	Percent
101	2	96	3	0	0	0	60310	53118	88.07%

1.2161719799
Total running time 1.22
covered / total: 2988 / 5467
43: [(1184, 2), (1536, 1), (2304, 1), (130, 1), (644, 1), (392, 1), (777, 1), (2058, 1), (2827, 1), (910, 1)]
47: [(2298, 2), (1027, 2), (2305, 2), (1548, 2), (528, 2), (1043, 2), (1557, 2), (1049, 2), (1062, 2), (2602, 2)]
218: [(737, 2), (1024, 1), (1058, 1), (1098, 1), (2187, 1), (1389, 1), (2894, 1), (2479, 1), (2896, 1), (1394, 1)]
237: [(664, 2), (1136, 1), (2626, 1)]
277: [(1586, 2), (893, 1)]
369: [(1061, 2), (1052, 2), (1738, 2), (2123, 2), (1228, 2), (2029, 2), (1071, 2), (2512, 2), (2871, 2), (1492, 2)]
536: [(1586, 2)]
664: [(929, 2), (1538, 2), (2377, 2), (2818, 2), (1136, 2), (1393, 2), (1171, 2), (1670, 1), (2157, 1), (1192, 1)]
951: [(1586, 2), (1769, 1), (1909, 1), (2566, 1)]
1157: [(1586, 2), (1909, 1)]
1456: [(1873, 2), (2147, 2), (2068, 1)]
1586: [(2647, 2), (2530, 1), (2332, 1), (1909, 1)]
1873: [(2068, 2), (2147, 2), (2566, 1), (1928, 1), (2586, 1), (2159, 1), (2845, 1), (2342, 1), (2568, 1), (2867, 1)]
2068: [(2147, 2)]
